	4perc/csv/4percA Specimen_RawData_1.csv	4perc/csv/4percA Specimen_RawData_2.csv	4perc/csv/4percA Specimen_RawData_3.csv	4perc/csv/4percA Specimen_RawData_4.csv	4perc/csv/4percA Specimen_RawData_5.csv	4perc/csv/4percA Specimen_RawData_6.csv	4perc/csv/4percB Specimen_RawData_1.csv	4perc/csv/4percB Specimen_RawData_2.csv	4perc/csv/4percB Specimen_RawData_3.csv	4perc/csv/4percB Specimen_RawData_4.csv	4perc/csv/4percB Specimen_RawData_5.csv	4perc/csv/4percB Specimen_RawData_6.csv
-2.1999999999999993	-0.00208	0.01475						0.2186				
-1.8000000000000007	0.01646		0.06298									
-1.5	0.0049		0.07571									
-1.1999999999999993	-0.00465											
-0.8999999999999986	0.01613											
-0.6000000000000014	0.0007		0.05526									
-0.29999999999999716	0.01152				0.10735					0.24679		
0.0	-0.01951		0.07407		0.12048				0.22504	0.26473		
0.29999999999999716	0.01247		0.07464						0.24046			
0.6000000000000014	0.00544		0.07872		0.10302					0.24214		
0.8999999999999986	0.00085		0.06228						0.23546			
1.2000000000000028	0.00171				0.12134					0.25297		
1.5	0.00579		0.07906		0.11516				0.23284	0.25094		
1.7999999999999972	0.01485		0.05267						0.22497			
2.1000000000000014	0.00814		0.06725		0.09799				0.23798	0.25275		
2.3999999999999986	0.01772		0.0647		0.10998				0.23467	0.25964		
2.700000000000003	0.00544				0.10886					0.26191		
3.0	0.01015		0.05963		0.10869				0.22844	0.25937		
3.299999999999997	0.00035		0.07613						0.24525			
3.6000000000000014	0.00804		0.07802		0.11031				0.23481	0.25894		
3.8999999999999986	0.01581		0.06746		0.11908				0.24118	0.26256		
4.200000000000003	0.00758				0.11915					0.26633		
4.5	0.01819		0.07671		0.12614				0.24319	0.24603		
4.799999999999997	0.0006		0.06473						0.23558			
5.100000000000001	0.0211		0.07369		0.11773				0.23888	0.24497		
5.399999999999999	0.01115		0.06507		0.1136				0.23458	0.26314		
5.700000000000003	0.01651				0.11107					0.25365		
6.0	0.00036		0.05371		0.10352				0.22685	0.25595		
6.299999999999997	0.01267		0.07177						0.226			
6.600000000000001	0.00861		0.08441		0.09749				0.23048	0.25199		
6.899999999999999	0.01113		0.0734		0.1018				0.23736	0.26037		
7.200000000000003	0.01988				0.12175					0.25892		
7.5	0.01187		0.08006		0.10925				0.23532	0.25923		
7.799999999999997	0.00918		0.07262						0.23141			
8.100000000000001	0.01039		0.08628		0.1135				0.20059	0.25173		
8.399999999999999	0.01889		0.0761		0.11073				0.24185	0.27376		
8.700000000000003	0.0088				0.10665					0.256		
9.0	0.01887		0.07248		0.11855				0.23595	0.25412		
9.299999999999997	0.01523		0.06997						0.21966			
9.600000000000001	-0.00636		0.08541		0.09042				0.21888	0.26592		
9.899999999999999	0.00742		0.08531		0.12				0.23262	0.24491		
10.200000000000003	0.00883				0.09208					0.25685		
10.5	0.01996		0.07583		0.12665				0.21438	0.25729		
10.799999999999997	0.00473		0.08471						0.23101			
11.100000000000001	-0.0007		0.06395		0.09251				0.22211	0.25578		
11.399999999999999	-0.00552		0.06662		0.11864				0.24306	0.25798		
11.700000000000003	0.00968				0.10237					0.26127		
12.0	0.01029		0.07089		0.11303				0.22476	0.24936		
12.299999999999997	0.01759		0.07779						0.22669			
12.600000000000001	0.00372		0.08054		0.10271				0.23241	0.25537		
12.899999999999999	0.00555		0.07425		0.10654				0.24759	0.25953		
13.200000000000003	0.01155				0.11372					0.26042		
13.5	0.01608		0.08444		0.10566				0.25707	0.25936		
13.799999999999997	0.00232		0.07822						0.23001			
14.100000000000001	0.03203		0.06386		0.11129				0.23683	0.25177		
14.399999999999999	0.00682		0.06775		0.11926				0.24248	0.24954		
14.700000000000003	-0.00836				0.10366					0.2565		
15.0	0.01292		0.0694		0.09059				0.24065	0.2538		
15.299999999999997	0.01249		0.08146						0.21504			
15.600000000000001	0.02117		0.08982		0.11253				0.22896	0.26134		
15.899999999999999	0.01603		0.07097		0.10373				0.23245	0.25128		
16.200000000000003	0.02276				0.09952					0.27356		
16.5	0.01277		0.07104		0.12249				0.22347	0.25332		
16.799999999999997	0.00169		0.07273						0.23039			
17.1	0.02736		0.06234		0.11268				0.22469	0.25979		
17.4	0.00778		0.06688		0.11762				0.22953	0.27421		
17.700000000000003	0.01483				0.1078					0.24303		
18.0	0.01895		0.07887		0.11559				0.23795	0.27034		
18.299999999999997	0.01441		0.06052						0.23349			
18.6	0.01624		0.07872		0.12734				0.2225	0.2637		
18.9	0.01423		0.06225		0.11461				0.2261	0.24875		
19.200000000000003	0.0241				0.1065					0.27645		
19.5	0.0024		0.07196		0.11232				0.22792	0.26509		
19.799999999999997	0.01713		0.07774						0.24231			
20.1	0.0262		0.07794		0.11285				0.22456	0.2604		
20.4	-0.0042		0.07481		0.09723				0.23905	0.25128		
20.700000000000003	0.00671				0.10284					0.26168		
21.0	0.00933		0.06651		0.11879				0.23457	0.24683		
21.299999999999997	-0.00952		0.08928						0.2199			
21.6	0.01694		0.07711		0.11019				0.25618	0.25932		
21.9	-0.01182		0.07381		0.12464				0.23083	0.27235		
22.200000000000003	0.00745				0.11606					0.25619		
22.5	0.01527		0.08025		0.11681				0.22279	0.26175		
22.799999999999997	-0.00072		0.07815						0.22971			
23.1	0.013		0.07991		0.11401				0.21859	0.25641		
23.4	0.02043		0.08954		0.12073				0.25944	0.28249		
23.700000000000003	0.02748				0.12083					0.26616		
24.0	0.0137		0.0614		0.11576				0.23425	0.25232		
24.299999999999997	-0.00042		0.06587						0.2174			
24.6	8e-05		0.08532		0.11726				0.23965	0.26578		
24.9	0.0155		0.06787		0.11754				0.25511	0.26417		
25.200000000000003	0.00568				0.12578					0.25451		
25.5	0.00249		0.08142		0.12946				0.22817	0.26033		
25.799999999999997	0.00487		0.06568						0.22697			
26.1	0.01086		0.08731		0.12339				0.22247	0.25364		
26.4	0.00895		0.0838		0.09889				0.22512	0.25142		
26.700000000000003	0.02713				0.12217					0.23922		
27.0	0.01785		0.06507		0.11956				0.23326	0.26149		
27.299999999999997	0.0146		0.08225						0.2359			
27.5	0.03024	0.05957		0.08159		0.14873		0.219375			0.28715	0.28812
27.6	0.01992	0.03655	0.08104		0.11501			0.21886	0.24025	0.26683		
27.700000000000003	-0.00091	0.05659					0.20082	0.21103				
27.799999999999997	0.00868	0.04988		0.08742		0.13201		0.22363			0.28539	
27.9	0.01041	0.06836	0.0668		0.12448			0.23205	0.2331	0.25752		
28.0	0.00959	0.05954	0.07568	0.08699			0.20201	0.21647				
28.1	0.0215	0.05734	0.07208	0.08588		0.14517		0.21766			0.26017	0.29859
28.200000000000003	0.00566	0.04062		0.0926	0.11609			0.20679		0.25784		
28.299999999999997	0.00759	0.02952	0.07997	0.1082				0.22021				
28.4	-0.00611	0.06608	0.0685	0.09103		0.14024		0.21763			0.27712	0.28166
28.5	0.00958	0.04111	0.07691	0.09612	0.11653	0.14474		0.23209	0.22721	0.27583		
28.6	0.00294	0.04875	0.06064	0.09606		0.15304	0.213835	0.19762				0.29599
28.700000000000003	0.01314	0.05557		0.09534			0.20084	0.23332				0.28507
28.799999999999997	0.02943	0.05071	0.0865	0.09149		0.13686		0.21209	0.25428			
28.9	0.0062	0.05343	0.07764	0.07045		0.14506	0.1882	0.22466			0.268035	0.28767
29.0	-0.00235	0.04682	0.06958	0.08702		0.1527	0.19573	0.21236			0.28174	0.29691
29.1	0.00269	0.05088	0.08194	0.08387	0.093475	0.13239	0.18054	0.22701	0.24407	0.267405	0.27025	0.28338
29.200000000000003	0.01336	0.05451		0.0908	0.13457		0.20502	0.22386		0.27979		0.2871
29.299999999999997	0.01189	0.04672	0.08328	0.10478		0.13467		0.21365			0.29024	
29.4	-0.00814	0.0645	0.07392	0.09622	0.119	0.12995	0.20333	0.20866	0.23389500000000002	0.24746	0.28264	0.2947
29.5	0.01778	0.05476	0.05013	0.1007	0.11958	0.14691	0.20896	0.20617	0.22336	0.27537	0.28856	0.29095
29.6	0.0239	0.0577	0.06959	0.09684	0.11765	0.13176	0.18567	0.22854	0.22012	0.25531	0.27994	0.30448
29.700000000000003	0.01078	0.05129		0.09728	0.12618		0.19105	0.20897		0.23761		0.30493
29.799999999999997	0.0044	0.06597	0.07419	0.11134		0.14197		0.22798	0.23581		0.27858	
29.9	0.08251	0.3496	0.39441	0.71544	0.25728	0.53059	0.4521	0.38838	0.5351	0.69184	0.50213	0.51976
30.0	3.12986	2.91381	2.60109	4.64997	1.3076	1.68028	2.47725	1.19065	1.71954	1.63554	1.52786	1.47661
30.1	8.23797	7.95546	7.53857	8.7568	5.60767	4.79062	7.24464	4.10127	6.23949	5.24107	3.21529	3.13156
30.200000000000003	9.37301	9.45024		9.61588	8.13682		8.71518	7.48121		7.65696		6.41528
30.299999999999997	9.32703	9.41613	9.16735	9.52099		9.55643		8.64844	9.17235		8.52583	
30.4	8.94437	9.00738	8.82516	9.11972	9.03393	9.36416	9.16416	9.27755	9.30202	8.83455	9.09323	8.8329
30.5	8.45367	8.52378	8.35637	8.67032	8.94185	8.9425	8.85926	9.58063	9.11176	9.14686	9.23913	9.32314
30.6	8.00084	8.05408	7.96536	8.26817	8.57172	8.48602	8.48212	9.52673	8.77476	8.96772	9.02952	9.57911
30.700000000000003	7.63279	7.65817		7.90063	8.15649		8.17255	9.2619		8.60212		9.45718
30.799999999999997	7.32684	7.31467	7.28045	7.58392		7.7766		8.94403	8.09212		8.32179	
30.9	7.03004	7.00281	6.97564	7.28614	7.44777	7.47746	7.51986	8.56205	7.77504	7.9302	7.9777	8.79942
31.0	6.78889	6.67969	6.70397	7.01253	7.15362	7.20558	7.24211	8.08748	7.47148	7.63949	7.6668	8.40931
31.1	6.51148	6.38249	6.40909	6.70475	6.80844	6.94168	6.97248	7.6944	7.17782	7.3722	7.34232	7.97241
31.200000000000003	6.26319	6.05921		6.45713	6.54302		6.70568	7.35195		7.11555		7.62968
31.299999999999997	6.03002	5.69156	5.13087	6.16591		6.45832		7.01474	6.71121		6.85039	
31.4	5.78455	4.73444	4.54939	5.96261	6.0095	6.2236	6.25896	6.74001	6.48509	6.67525	6.60226	7.05277
31.5	5.55122	4.74514	4.91196	5.69471	5.67658	6.00328	6.04993	6.45846	6.28892	6.47666	6.42043	6.79251
31.599999999999994	5.32664	4.79821						6.20718				
31.700000000000003	4.82268	4.72574		4.77983	5.21479		5.73252	5.97668		6.15349		6.35968
31.799999999999997	4.24016	4.92913	4.94265	4.46701		4.69405		5.74588	5.77924		5.906	
31.900000000000006	4.33023	4.94403						5.55124				
32.0	4.64566	4.93105		4.84583	4.45932	4.83795	5.30201	5.35466	5.5066	5.67146	5.60776	5.8173
32.099999999999994	4.75783	4.87354		4.8801				5.1538				
32.2	4.76345	4.81651		4.87046	4.44723		4.93645	5.04554		5.42056		5.53741
32.3	4.78695	4.74975		4.82203		4.96356		4.90428	5.13012		5.10963	
32.400000000000006	4.71739	4.71372		4.76364				4.79429				
32.5	4.68917	4.67179		4.69921	4.57818		4.08564	4.84056	4.9067	4.77978	4.531	4.84551
32.599999999999994	4.64101	4.61862		4.65732				4.89908				
32.7	4.58748	4.57073		4.61219	4.63955			4.89502		4.88167		
32.8	4.55109	4.53539		4.57966				4.88209	4.5262		4.50123	
32.900000000000006	4.52565	4.51856		4.57647				4.83829				
33.0	4.51606	4.4331		4.53643	4.50245			4.82435	4.30976	5.02667		
33.099999999999994	4.46886	4.43143		4.54323				4.76713				
33.2	4.44308	4.38534		4.53006				4.74028				
33.3	4.42908	4.38678		4.53739				4.723	4.14804			
33.400000000000006	4.42648	4.39203		4.54603				4.66545				
33.5	4.39135	4.39859		4.52403				4.63477				
33.599999999999994	4.3835	4.41787		4.53788				4.62219				
33.7	4.382	4.44769		4.56776				4.59586				
33.8	4.39329	4.4834		4.6074				4.57312				
33.900000000000006	4.39864	4.5053		4.63665				4.5465				
34.0	4.39654	4.56641		4.63761				4.53022				
34.099999999999994	4.41874	4.62186		4.68545				4.51398				
34.2	4.43767	4.65173		4.70885				4.5141				
34.3	4.45475	4.69714		4.74566				4.49525				
34.400000000000006	4.44184	4.69944		4.81845				4.50541				
34.5	4.44304	4.72348		4.85902				4.49392				
34.599999999999994	4.44933	4.73905		4.86304				4.49896				
34.7	4.46209	4.77249		4.88951				4.47031				
34.8	4.47587	4.79143		4.92295				4.47334				
34.900000000000006	4.4527	4.79473		4.9592				4.46982				
35.0	4.45046	4.81794		4.9935				4.50852				
35.099999999999994	4.49163	4.80286		5.03623				4.49385				
35.2	4.56818	4.8195		5.08244				4.5641				
35.3	4.61521	4.84612		5.13334				4.60024				
35.400000000000006	4.68403	4.86092		5.17111				4.62858				
35.5	4.81452	4.90678		5.23835				4.66504				
35.599999999999994	4.9298	4.93808		5.29567				4.70341				
35.7	5.01136	4.97097		5.3221				4.6932				
35.8	5.10797	5.04491		5.36174				4.70908				
35.900000000000006	5.19563	5.11479		5.39245				4.74389				
36.0	5.32138	5.19876		5.48374				4.7877				
36.099999999999994	5.4218	5.26917		5.53016				4.80253				
36.2	5.5392	5.28723		5.59276				4.89002				
36.3	5.58993	5.35215		5.58562				4.94036				
36.400000000000006	5.63958	5.42764		5.65392				4.98122				
36.5	5.6718	5.55487		5.70102				5.02554				
36.599999999999994	5.71037	5.64531		5.75898				5.07704				
36.7	5.74804	5.69048		5.81661				5.16837				
36.8	5.77936	5.66072		5.84314				5.27485				
36.900000000000006	5.80545	5.6287		5.87929				5.41408				
37.0	5.83928	5.65705		5.87559				5.58629				
37.099999999999994	5.82175	5.67103		5.92894				5.66693				
37.2	5.85638	5.70656		6.00052				5.74291				
37.3	5.85451	5.74686		6.03009				5.80144				
37.400000000000006	5.84808	5.74652		6.1114				5.79772				
37.5	5.81584	5.79351		6.17559				5.85436				
37.599999999999994	5.78106	5.86507		6.15627				5.92886				
37.7	5.76203	5.90447		6.17837				5.98746				
37.8	5.69717	5.96446		6.15301				6.04813				
37.900000000000006	5.65819	6.01373		6.13312				6.1219				
38.0	5.62845	6.06203		6.07396				6.17772				
38.099999999999994	5.55759	6.06016		6.03618				6.21736				
38.2	5.49879	6.06478		5.99394				6.26661				
38.3	5.44809	6.00397		5.94661				6.33863				
38.400000000000006	5.3726	5.92725		5.85907				6.41778				
38.5	5.3234	5.85876		5.82058				6.45929				
38.599999999999994	5.2715	5.79016		5.7824				6.47531				
38.7	5.22212	5.68691		5.73464				6.42254				
38.8	5.1813	5.6085		5.67815				6.34684				
38.900000000000006	5.14199	5.57213		5.65123				6.29503				
39.0	5.07931	5.50342		5.6246				6.21423				
39.099999999999994	5.06178	5.44303		5.58473				6.16613				
39.2	5.02018	5.37334		5.55505				6.0846				
39.3	5.00738	5.33765		5.51519				5.97881				
39.400000000000006	4.95491	5.29088		5.47363				5.89967				
39.5	4.92495	5.27351		5.437				5.80718				
39.599999999999994	4.89232	5.23885		5.39077				5.7317				
39.7	4.87579	5.20664		5.36601				5.71717				
39.8	4.8245	5.20441		5.3241				5.64455				
39.900000000000006	4.79663	5.17245		5.29913				5.59875				
40.0	4.78081	5.15432		5.27939				5.56767				
40.099999999999994	4.74742	5.13445		5.25435				5.55469				
40.2	4.72254	5.10887		5.20205				5.5473				
40.3	4.70767	5.10045		5.17177				5.4898				
40.400000000000006	4.68413	5.07508		5.16396				5.46187				
40.5	4.66238	5.07148		5.12888				5.42183				
40.599999999999994	4.64646	5.07941		5.1046				5.42015				
40.7	4.63766	5.07443		5.09573				5.40257				
40.8	4.62351	5.07759		5.08839				5.36456				
40.900000000000006	4.63213	5.08294		5.07613				5.37168				
41.0	4.63666	5.05778		5.04781				5.35257				
41.099999999999994	4.62018	5.07293		5.06168				5.33345				
41.2	4.62334	5.11069		5.0366				5.31268				
41.3	4.64422	5.15668		5.04463				5.30678				
41.400000000000006	4.63333	5.16982		5.02495				5.27656				
41.5	4.66829	5.20862		5.00809				5.25352				
41.599999999999994	4.69147	5.22078		5.01485				5.26309				
41.7	4.71875	5.2428		5.01564				5.23695				
41.8	4.75215	5.29391		4.98789				5.20349				
41.900000000000006	4.79148	5.31534		5.01337				5.23039				
42.0	4.84318	5.38289		5.00348				5.21213				
42.099999999999994	4.88871	5.4147		5.02656				5.21762				
42.2	4.93162	5.46491		5.05358				5.22442				
42.3	4.96581	5.50104		5.07451				5.24511				
42.400000000000006	5.01007	5.52132		5.09607				5.26191				
42.5	5.05497	5.55441		5.13297				5.28875				
-1.8999999999999986		0.0539						0.1972				
-1.6000000000000014		0.04677		0.07234				0.20342				
-1.3000000000000007		0.04407		0.0938		0.13135		0.20605				
-1.0		0.0394		0.10268		0.13445		0.19158				0.27588
-0.6999999999999993		0.04548		0.08135				0.20461				0.28192
-0.3999999999999986		0.04584		0.09581				0.20942				0.28544
-0.10000000000000142		0.05622		0.11007		0.12647		0.21754			0.25614	
0.20000000000000284		0.04944		0.08499				0.20457				0.26305
0.5		0.04256		0.10021		0.14459		0.21105			0.27061	0.27967
0.7999999999999972		0.04062		0.08131		0.12325		0.22036			0.27908	
1.1000000000000014		0.05271		0.08954		0.13639		0.21051			0.27704	0.27588
1.3999999999999986		0.05426		0.08868		0.13632		0.22711			0.26905	0.27686
1.7000000000000028		0.0523		0.0941				0.20856				0.29098
2.0		0.04799		0.09523		0.13974		0.21489			0.28271	0.28971
2.299999999999997		0.05806		0.079		0.13813		0.20323			0.24739	
2.6000000000000014		0.06722		0.10132		0.13253		0.21948			0.29402	0.28624
2.8999999999999986		0.0338		0.06865		0.12991		0.20607			0.26528	0.27387
3.200000000000003		0.04088		0.08834				0.22617				0.28652
3.5		0.04992		0.0855		0.12683		0.21798			0.2809	0.27266
3.799999999999997		0.02911		0.09573		0.13321		0.19205			0.27941	
4.100000000000001		0.03998		0.09432		0.10582		0.21181			0.27078	0.29411
4.399999999999999		0.04071		0.08038		0.13291		0.22292			0.26242	0.26741
4.700000000000003		0.0519		0.09538				0.20953				0.29208
5.0		0.03988		0.09933		0.12737		0.21606			0.27166	0.28082
5.299999999999997		0.06691		0.08483		0.14908		0.20973			0.28496	
5.600000000000001		0.03873		0.09714		0.13665		0.22486			0.25869	0.26807
5.899999999999999		0.0584		0.08707		0.1236		0.22285			0.26319	0.29447
6.200000000000003		0.04851		0.08841				0.2159				0.26219
6.5		0.05693		0.08302		0.11509		0.21249			0.26963	0.29976
6.799999999999997		0.05112		0.08535		0.13677		0.21745			0.27085	
7.100000000000001		0.05926		0.09041		0.13275		0.20146			0.25695	0.29571
7.399999999999999		0.05299		0.07703		0.14351		0.20255			0.2734	0.29103
7.700000000000003		0.03212		0.104				0.21759				0.29343
8.0		0.04644		0.09971		0.13154		0.22203			0.28872	0.28632
8.299999999999997		0.04792		0.08773		0.13769		0.20947			0.25318	
8.600000000000001		0.05203		0.07148		0.13209		0.22447			0.26807	0.28291
8.899999999999999		0.05952		0.0798		0.14778		0.21167			0.27247	0.28323
9.200000000000003		0.05668		0.08694				0.21068				0.28516
9.5		0.04443		0.07787		0.14547		0.22522			0.28095	0.28438
9.799999999999997		0.05713		0.08491		0.14708		0.21254			0.27345	
10.100000000000001		0.03091		0.08696		0.14336		0.20947			0.26267	0.29103
10.399999999999999		0.05324		0.08296		0.1209		0.21675			0.25026	0.28683
10.700000000000003		0.04245		0.09379				0.21723				0.2931
11.0		0.04528		0.08209		0.15529		0.224			0.25583	0.28279
11.299999999999997		0.03828		0.10733		0.13176		0.21171			0.26945	
11.600000000000001		0.04612		0.09894		0.10974		0.21371			0.27088	0.28145
11.899999999999999		0.03662		0.08318		0.12488		0.23558			0.27432	0.29647
12.200000000000003		0.04859		0.10242				0.20735				0.29386
12.5		0.05463		0.1115		0.13771		0.21371			0.27699	0.28572
12.799999999999997		0.04415		0.08413		0.13825		0.2214			0.26524	
13.100000000000001		0.05664		0.1023		0.12225		0.22078			0.27158	0.28601
13.399999999999999		0.04455		0.09449		0.1375		0.20335			0.27393	0.30037
13.700000000000003		0.05106		0.09109				0.22023				0.29808
14.0		0.04298		0.10441		0.14196		0.21255			0.27232	0.30202
14.299999999999997		0.06159		0.09657		0.13998		0.20919			0.28467	
14.600000000000001		0.05004		0.10248		0.1353		0.2021			0.27757	0.27424
14.899999999999999		0.03638		0.07833		0.13297		0.20519			0.27268	0.28421
15.200000000000003		0.06107		0.08681				0.20622				0.29055
15.5		0.04585		0.08683		0.13623		0.20697			0.26632	0.28355
15.799999999999997		0.06213		0.08372		0.14569		0.20961			0.25677	
16.1		0.05701		0.10313		0.13224		0.21141			0.26511	0.27554
16.4		0.04404		0.06998		0.12436		0.19399			0.26971	0.29359
16.700000000000003		0.05656		0.09209				0.22348				0.28294
17.0		0.06356		0.10474		0.12275		0.23016			0.28175	0.27253
17.299999999999997		0.06016		0.09456		0.12517		0.22195			0.29255	
17.6		0.03834		0.0844		0.13903		0.2035			0.29181	0.2809
17.9		0.06399		0.10888		0.14506		0.23156			0.25035	0.30095
18.200000000000003		0.06891		0.08736				0.20973				0.2779
18.5		0.05029		0.09068		0.13965		0.22701			0.27338	0.30357
18.799999999999997		0.04004		0.09004		0.12867		0.21025			0.27041	
19.1		0.04673		0.08933		0.15185		0.21762			0.27669	0.2799
19.4		0.04188		0.10288		0.1419		0.21799			0.2771	0.28637
19.700000000000003		0.0573		0.10187				0.22376				0.27638
20.0		0.03858		0.09031		0.13653		0.22489			0.29337	0.28425
20.299999999999997		0.04952		0.09043		0.13678		0.21636			0.27083	
20.6		0.0584		0.09136		0.12989		0.21798			0.28239	0.28938
20.9		0.061		0.0851		0.1261		0.22893			0.27899	0.29329
21.200000000000003		0.0478		0.08176				0.21961				0.28755
21.5		0.04757		0.10633		0.13434		0.23909			0.29289	0.27479
21.799999999999997		0.04238		0.09225		0.13925		0.21856			0.26368	
22.1		0.0382		0.08716		0.15262		0.19513			0.27521	0.2844
22.4		0.05483		0.10304		0.15864		0.21433			0.29619	0.28466
22.700000000000003		0.05515		0.08048				0.21095				0.28032
23.0		0.04609		0.09337		0.14323		0.21314			0.27257	0.29639
23.299999999999997		0.06074		0.10833		0.15743		0.2119			0.29337	
23.6		0.05025		0.0869		0.13231		0.22762			0.2892	0.29131
23.9		0.03479		0.09462		0.14322		0.2249			0.27865	0.27723
24.200000000000003		0.03471		0.10169				0.2311				0.26586
24.5		0.06279		0.07908		0.12051		0.20772			0.26827	0.30375
24.799999999999997		0.04401		0.07989		0.14311		0.22011			0.28314	
25.1		0.03904		0.08888		0.13969		0.22604			0.28302	0.29266
25.4		0.04909		0.08926		0.13708		0.19542			0.27149	0.28371
25.700000000000003		0.06243		0.08689				0.22092				0.29405
26.0		0.05054		0.10869		0.13089		0.21959			0.28692	0.29879
26.299999999999997		0.05226		0.10801		0.1293		0.21669			0.27213	
26.6		0.06049		0.08331		0.13512		0.22317			0.27633	0.2712
26.9		0.05135		0.08466		0.13179		0.23229			0.29089	0.27617
27.200000000000003		0.05598		0.07548				0.2277				0.29126
-1.2000000000000028			0.05673									
-0.9000000000000021			0.08344									
-0.3000000000000007			0.08292						0.20974			
1.1999999999999957			0.08217									
2.6999999999999957			0.06489						0.23783			
4.199999999999996			0.09206						0.24868			
5.699999999999996			0.08149						0.2309			
7.199999999999996			0.07186						0.22192			
8.699999999999996			0.07194						0.23146			
10.199999999999996			0.07639						0.24632			
11.699999999999996			0.08195						0.23634			
13.199999999999996			0.06962						0.24612			
14.699999999999996			0.07939						0.22425			
16.199999999999996			0.06675						0.23922			
17.699999999999996			0.088						0.20208			
19.199999999999996			0.05766						0.22868			
20.699999999999996			0.0702						0.22859			
22.199999999999996			0.06105						0.24814			
23.699999999999996			0.07125						0.24126			
25.199999999999996			0.07014						0.24711			
26.699999999999996			0.07444						0.24682			
28.199999999999996			0.08926						0.23813			
28.699999999999996			0.06637			0.12596					0.30018	
29.199999999999996			0.07139			0.13797					0.27421	
29.699999999999996			0.08514			0.13449			0.23412		0.2624	
30.199999999999996			9.09486			8.71369			8.67447		6.94855	
30.699999999999996			7.59855			8.10371			8.3911		8.66837	
31.199999999999996			6.11219			6.67923			6.92167		7.08614	
31.6			4.91007	5.50833	5.4055	5.76032	5.86583		6.0959	6.29667	6.22282	6.58635
31.699999999999996			4.91031			5.17497			5.93551		6.01387	
31.9			4.86936	4.74898	4.90979	4.76447	5.42357		5.6301	5.79065	5.74182	6.01672
31.999999999999993			4.79563									
32.1			4.77049		4.37061	4.86346	5.14625		5.37743	5.53357	5.46297	5.70216
32.199999999999996			4.76598			4.92853			5.25525		5.3128	
32.300000000000004			4.67839		4.48661		4.22692			5.16835		5.43924
32.4			4.63648		4.54795	4.98852	3.93933		4.99276	4.8245	4.69776	5.23989
32.49999999999999			4.57992			4.97033						
32.6			4.50739		4.6505	4.96603	4.17065		4.81536	4.81005	4.54356	4.73024
32.699999999999996			4.44815			4.93583	4.34045		4.65664		4.42403	4.84604
32.800000000000004			4.4236		4.62301	4.9095	4.42989			4.98128		4.8659
32.9			4.39868		4.61673	4.89798	4.47671		4.41809	5.00573	4.56692	4.81751
32.99999999999999			4.33784			4.8621					4.6451	
33.1			4.29963		4.55794	4.8603	4.51846		4.28339	5.01178	4.60789	4.85761
33.199999999999996			4.24484		4.5046	4.83329	4.49523		4.16609	5.01297	4.62245	4.8577
33.300000000000004			4.2146		4.49858	4.78104	4.50662			5.00226	4.61446	4.84068
33.4			4.19427		4.47555	4.75397	4.49719		4.18618	4.96962	4.62101	4.8328
33.49999999999999			4.14732			4.74039			4.11193		4.6218	
33.6			4.13731		4.51177	4.70312	4.43004		4.2587	4.8815	4.60556	4.76753
33.699999999999996			4.13951		4.5018	4.68209	4.45011		4.26981	4.82819	4.62698	4.74316
33.800000000000004			4.15802		4.506	4.66537	4.43705		4.31926	4.80931	4.60401	4.72469
33.9			4.14063		4.53384	4.63955	4.43736		4.38458	4.77235	4.62223	4.70433
33.99999999999999			4.18224			4.63435			4.3848		4.62731	
34.1			4.21079		4.5859	4.62428	4.38725		4.41951	4.70468	4.64231	4.65999
34.199999999999996			4.2575		4.64208	4.613	4.40251		4.39684	4.69244	4.64943	4.64391
34.300000000000004			4.26747		4.67473	4.6468	4.4024		4.38733	4.64228	4.67291	4.61746
34.4			4.33844		4.67991	4.62772	4.40548		4.40373	4.6302	4.68529	4.61307
34.49999999999999			4.36969			4.63346			4.39116		4.73851	
34.6			4.40447		4.74436	4.64791	4.46123		4.39327	4.62398	4.74937	4.60532
34.699999999999996			4.43212		4.7664	4.65903	4.44724		4.38544	4.58778	4.77417	4.56556
34.800000000000004			4.45836		4.75431	4.65849	4.48656		4.40347	4.56718	4.83481	4.57398
34.9			4.46133		4.75238	4.67263	4.53299		4.42329	4.58167	4.85724	4.58567
34.99999999999999			4.50704			4.68162			4.43582		4.88043	
35.1			4.52999		4.75041	4.70961	4.59098		4.45585	4.53214	4.90049	4.57683
35.199999999999996			4.54113		4.75492	4.70341	4.63198		4.47716	4.55806	4.94172	4.60947
35.300000000000004			4.5629		4.78367	4.70664	4.64874		4.5215	4.51305	4.98876	4.6427
35.4			4.59111		4.82168	4.70731	4.65996		4.56235	4.51455	5.07634	4.63577
35.49999999999999			4.61035			4.68963			4.55413		5.12871	
35.6			4.64004		4.87964	4.69041	4.73472		4.62094	4.57196	5.1346	4.73693
35.699999999999996			4.6748		4.92156	4.6601	4.76469		4.66275	4.57639	5.17627	4.73695
35.800000000000004			4.69619		4.95049	4.69186	4.79027		4.69912	4.60624	5.21413	4.76692
35.9			4.72442		4.97444	4.72384	4.84389		4.74763	4.63619	5.26104	4.83479
35.99999999999999			4.75757			4.781			4.79627		5.30445	
36.1			4.79553		5.05633	4.84626	4.95298		4.83063	4.71503	5.3512	4.91024
36.199999999999996			4.86443		5.07073	4.93906	5.00019		4.83624	4.75473	5.4012	4.93917
36.300000000000004			4.94144		5.11492	5.0078	5.03208		4.87337	4.79185	5.43644	4.98929
36.4			5.05098		5.15869	5.10171	5.12521		4.92953	4.83269	5.49786	5.02376
36.49999999999999			5.1247			5.18041			5.03406		5.53571	
36.6			5.20124		5.30255	5.24782	5.2079		5.12727	4.88233	5.54343	5.1252
36.699999999999996			5.25083		5.36602	5.30281	5.28091		5.20281	4.90451	5.57663	5.18837
36.800000000000004			5.31115		5.43056	5.38135	5.31863		5.27327	4.94495	5.60666	5.2424
36.9			5.34559		5.44619	5.42135	5.34502		5.36944	4.95149	5.61917	5.3083
36.99999999999999			5.40835			5.5175			5.45292		5.69015	
37.1			5.44808		5.46261	5.59413	5.40854		5.49036	4.96518	5.73671	5.39903
37.199999999999996			5.46589		5.52204	5.7164	5.47723		5.57384	4.95091	5.7874	5.42064
37.300000000000004			5.52204		5.56529	5.85287	5.49875		5.59956	5.01348	5.81508	5.47507
37.4			5.51837		5.62252	5.93867	5.49324		5.66237	5.15723	5.88216	5.56536
37.49999999999999			5.48628			6.02723			5.73515		5.91457	
37.6			5.49477		5.73307	6.14485	5.46567		5.72811	5.33989	5.96299	5.7228
37.699999999999996			5.54772		5.79426	6.20739	5.43913		5.8098	5.39458	6.00331	5.78557
37.800000000000004			5.60599		5.82241	6.23668	5.45716		5.87854	5.44886	6.057	5.87588
37.9			5.68468		5.9338	6.29522	5.58902		5.91703	5.47635	6.09167	5.9637
37.99999999999999			5.67536			6.35149			5.94528		6.18872	
38.1			5.67999		6.07583	6.3547	5.797		5.99625	5.57764	6.22995	6.15321
38.199999999999996			5.71627		6.11765	6.34759	5.8796		6.03574	5.68902	6.28588	6.2241
38.300000000000004			5.73829		6.15224	6.37668	5.91294		6.11524	5.79011	6.39568	6.31304
38.4			5.77671		6.14631	6.31028	5.91451		6.15047	5.84152	6.45653	6.40088
38.49999999999999			5.81053			6.22134			6.17635		6.51921	
38.6			5.75443		6.2175	6.17686	5.97995		6.19482	5.96793	6.6123	6.52696
38.699999999999996			5.72631		6.21381	6.12778	5.981		6.16224	5.99414	6.67336	6.57644
38.800000000000004			5.67064		6.20364	6.0276	5.95046		6.1647	6.05158	6.67721	6.6039
38.9			5.64392		6.16341	5.94016	5.91123		6.14619	6.08554	6.69285	6.62312
38.99999999999999			5.56396			5.8231			6.10907		6.65299	
39.1			5.49065		6.08217	5.7546	5.79042		6.08988	6.16103	6.58181	6.64522
39.199999999999996			5.44279		6.00896	5.67719	5.67871		6.0392	6.22899	6.5426	6.63275
39.300000000000004			5.36433		5.93898	5.59311	5.60898		6.02134	6.3064	6.51058	6.64062
39.4			5.28313		5.87612	5.55347	5.52659		5.96653	6.36639	6.49581	6.59816
39.49999999999999			5.21554			5.4868			5.90676		6.49049	
39.6			5.18239		5.73953	5.4462	5.39668		5.81126	6.45482	6.43662	6.50524
39.699999999999996			5.14645		5.65949	5.38844	5.33146		5.76501	6.45732	6.39171	6.48089
39.800000000000004			5.12969		5.57203	5.36142	5.27715		5.71227	6.43618	6.35205	6.41542
39.9			5.08966		5.50267	5.30434	5.22413		5.63926	6.40162	6.30236	6.36003
39.99999999999999			5.06582			5.2747			5.57889		6.24072	
40.1			5.05225		5.36403	5.2719	5.13934		5.55805	6.332	6.13668	6.278
40.199999999999996			5.0272		5.30984	5.25489	5.10115		5.50032	6.25649	6.08561	6.2223
40.300000000000004			5.01531		5.27232	5.21471	5.087		5.47934	6.23194	6.03165	6.18157
40.4			5.00148		5.20597	5.21168	5.07114		5.44017	6.17065	5.97435	6.13422
40.49999999999999			5.02746			5.1886			5.40533		5.92215	
40.6			5.01566		5.13161	5.15848	5.02159		5.36848	6.05141	5.85871	6.01576
40.699999999999996			5.01486		5.09649	5.14923	5.01384		5.33384	5.99406	5.80561	5.97277
40.800000000000004			5.01609		5.08772	5.14299	4.98033		5.31025	5.93333	5.76126	5.91046
40.9			5.03		5.06871	5.12295	4.9708		5.29296	5.87121	5.71023	5.86297
40.99999999999999			5.01843			5.1302			5.28102		5.66957	
41.1			5.04755		5.06218	5.11983	4.9547		5.25437	5.74893	5.62507	5.82357
41.199999999999996			5.0232		5.08025	5.10397	4.92247		5.24763	5.68136	5.59531	5.76786
41.300000000000004			5.02696		5.07655	5.05837	4.93226		5.21334	5.63164	5.56442	5.74637
41.4			5.00614		5.06354	5.08564	4.9159		5.20638	5.58189	5.51725	5.72793
41.49999999999999			5.05122			5.06509			5.20857		5.49287	
41.6			5.04248		5.08134	5.05767	4.87766		5.18323	5.48345	5.46486	5.68691
41.699999999999996			5.04141		5.06738	5.06715	4.85179		5.20499	5.43078	5.43345	5.66995
41.800000000000004			5.05326		5.08794	5.04712	4.86605		5.2125	5.40498	5.37112	5.6595
41.9			5.0465		5.08548	5.06266	4.86972		5.1828	5.39823	5.37043	5.65099
41.99999999999999			5.03989			5.0696			5.17168		5.35995	
42.1			5.04601		5.11777	5.07637	4.9029		5.1629	5.37138	5.37223	5.61509
42.199999999999996			5.03731		5.12309	5.09608	4.9136		5.16416	5.35665	5.37522	5.60335
42.300000000000004			5.0392		5.13014	5.12927	4.9316		5.16306	5.36615	5.39086	5.64397
42.4			5.0485		5.15816	5.10425	4.97532		5.17265	5.36526	5.40584	5.62982
42.49999999999999			5.05516			5.12454			5.17419		5.41982	
42.6			5.06222		5.16875	5.1412	5.0504		5.17537	5.35292	5.44239	5.6653
42.699999999999996			5.07312		5.20318	5.16231	5.10797		5.22108	5.37608	5.48577	5.66353
42.800000000000004			5.07565		5.22685	5.19617	5.14787		5.24775	5.37055	5.51562	5.68955
42.9			5.06901		5.24021	5.21892	5.20417		5.26781	5.36893	5.56991	5.71966
42.599999999999994				5.19515								
42.7				5.22358								
42.8				5.30272								
42.900000000000006				5.32916								
43.0				5.40604								
-0.5999999999999979					0.09726					0.28222		
0.3000000000000007					0.13766					0.25085		
0.9000000000000021					0.10623					0.26091		
1.8000000000000043					0.10343					0.2576		
3.3000000000000043					0.10491					0.26163		
4.800000000000004					0.1051					0.25229		
6.300000000000004					0.09035					0.24408		
7.800000000000004					0.10337					0.27887		
9.300000000000004					0.11055					0.25197		
10.800000000000004					0.11286					0.26087		
12.300000000000004					0.11487					0.26128		
13.800000000000004					0.11704					0.24402		
15.300000000000004					0.11247					0.24655		
16.800000000000004					0.10576					0.25915		
18.300000000000004					0.12829					0.25608		
19.800000000000004					0.11282					0.24521		
21.300000000000004					0.12032					0.26303		
22.800000000000004					0.10597					0.26715		
24.300000000000004					0.1164					0.2636		
25.800000000000004					0.09705					0.2501		
27.300000000000004					0.10455					0.25538		
28.800000000000004					0.11874		0.19271			0.2347		0.28097
29.300000000000004					0.10784		0.16627			0.27559		0.2915
29.800000000000004					0.11729		0.18498			0.26605		0.28056
30.300000000000004					8.74683		9.16867			8.29574		8.20901
30.800000000000004					7.78245		7.83407			8.25369		9.13895
31.300000000000004					6.28612		6.4727			6.87606		7.32551
31.800000000000004					5.05134		5.57624			5.98932		6.17634
33.50000000000001					4.46714		4.46211			4.93181		4.81905
34.00000000000001					4.53771		4.39272			4.7595		4.69818
34.50000000000001					4.72407		4.44207			4.60605		4.59652
35.00000000000001					4.75924		4.54887			4.5417		4.57177
35.50000000000001					4.83469		4.70039			4.53819		4.68364
36.00000000000001					5.00357		4.89236			4.6725		4.87881
36.50000000000001					5.23349		5.17447			4.87939		5.06114
37.00000000000001					5.45159		5.35687			4.95261		5.35685
37.50000000000001					5.70543		5.47788			5.26971		5.62922
38.00000000000001					6.01786		5.73045			5.53773		6.05007
38.50000000000001					6.18826		5.94748			5.91111		6.50937
39.00000000000001					6.13847		5.85474			6.1434		6.61499
39.50000000000001					5.79136		5.45971			6.41462		6.54165
40.00000000000001					5.41806		5.18542			6.35789		6.33964
40.50000000000001					5.18633		4.99906			6.11804		6.09057
41.00000000000001					5.07831		4.97427			5.81233		5.83854
41.50000000000001					5.06509		4.85801			5.51929		5.69868
42.00000000000001					5.10514		4.90041			5.37159		5.62737
42.50000000000001					5.15522		5.02085			5.37806		5.64917
43.00000000000001					5.30379		5.25582			5.3836		5.71958
43.1					5.34321	5.31415	5.3076		5.34539	5.38161	5.6122	5.74454
43.199999999999996					5.37638	5.34183	5.33802		5.39972	5.38505	5.66315	5.76531
43.300000000000004					5.4353	5.40716	5.36309		5.43103	5.42677	5.72331	5.76604
43.4					5.48485	5.45131	5.40955		5.47816	5.43142	5.7908	5.78106
43.50000000000001					5.52807		5.4643			5.45074		5.78252
43.6					5.6252		5.4973		5.55608	5.47833	5.84296	5.82837
43.699999999999996					5.62079				5.60557	5.50611	5.87515	
43.800000000000004					5.64753				5.66379	5.57264	5.93502	
43.9					5.6869				5.71375	5.61727	5.95397	
44.00000000000001					5.7132					5.67305		
44.1					5.73832				5.77059	5.6814		
-0.7000000000000028						0.13555						
-0.40000000000000213						0.13338					0.25569	
0.1999999999999993						0.12872					0.26513	
1.6999999999999957						0.13488					0.27594	
3.1999999999999957						0.13049					0.26806	
4.699999999999996						0.12739					0.26879	
6.199999999999996						0.12847					0.27655	
7.699999999999996						0.13203					0.2788	
9.199999999999996						0.13246					0.29228	
10.699999999999996						0.12764					0.25994	
12.199999999999996						0.12306					0.26057	
13.699999999999996						0.14581					0.27542	
15.199999999999996						0.1466					0.27418	
16.699999999999996						0.12463					0.28901	
18.199999999999996						0.10252					0.26837	
19.699999999999996						0.13329					0.28305	
21.199999999999996						0.14045					0.27618	
22.699999999999996						0.13655					0.26081	
24.199999999999996						0.14067					0.27603	
25.699999999999996						0.13624					0.28587	
27.199999999999996						0.14105					0.2897	
42.99999999999999						5.27029			5.2973		5.58699	
-1.0999999999999979							0.19289					
-0.7999999999999972							0.16909					
-0.5							0.19558					
-0.1999999999999993							0.18723					
0.10000000000000142							0.18986					
0.40000000000000213							0.17628					
0.7000000000000028							0.16743					
1.0							0.18797					
1.3000000000000043							0.18821					
1.6000000000000014							0.19332					
1.8999999999999986							0.16607					
2.200000000000003							0.18465					
2.5							0.17971					
2.8000000000000043							0.19034					
3.1000000000000014							0.19552					
3.3999999999999986							0.17424					
3.700000000000003							0.18255					
4.0							0.18863					
4.300000000000004							0.18252					
4.600000000000001							0.1769					
4.899999999999999							0.17884					
5.200000000000003							0.18208					
5.5							0.18889					
5.800000000000004							0.1715					
6.100000000000001							0.19134					
6.399999999999999							0.18414					
6.700000000000003							0.18436					
7.0							0.18695					
7.300000000000004							0.18627					
7.600000000000001							0.17469					
7.899999999999999							0.18518					
8.200000000000003							0.1876					
8.5							0.17828					
8.800000000000004							0.18432					
9.100000000000001							0.17053					
9.399999999999999							0.19846					
9.700000000000003							0.18055					
10.0							0.17773					
10.300000000000004							0.18306					
10.600000000000001							0.17786					
10.899999999999999							0.17918					
11.200000000000003							0.16677					
11.5							0.18182					
11.800000000000004							0.1792					
12.100000000000001							0.18841					
12.399999999999999							0.17847					
12.700000000000003							0.19156					
13.0							0.17406					
13.300000000000004							0.18568					
13.600000000000001							0.17978					
13.899999999999999							0.19175					
14.200000000000003							0.19601					
14.5							0.20201					
14.800000000000004							0.19338					
15.100000000000001							0.1702					
15.399999999999999							0.19575					
15.700000000000003							0.18844					
16.0							0.19775					
16.300000000000004							0.18284					
16.6							0.19595					
16.9							0.17351					
17.200000000000003							0.18585					
17.5							0.18448					
17.800000000000004							0.18913					
18.1							0.19786					
18.4							0.1882					
18.700000000000003							0.1932					
19.0							0.2001					
19.300000000000004							0.16963					
19.6							0.17715					
19.9							0.18936					
20.200000000000003							0.19393					
20.5							0.18175					
20.800000000000004							0.18888					
21.1							0.17899					
21.4							0.17198					
21.700000000000003							0.18665					
22.0							0.19438					
22.300000000000004							0.18296					
22.6							0.1804					
22.9							0.21327					
23.200000000000003							0.1785					
23.5							0.19247					
23.800000000000004							0.1868					
24.1							0.18991					
24.4							0.18597					
24.700000000000003							0.18684					
25.0							0.18517					
25.300000000000004							0.16716					
25.6							0.18995					
25.9							0.18411					
26.200000000000003							0.1791					
26.5							0.19237					
26.800000000000004							0.19884					
27.1							0.1869					
27.4							0.18889					
28.300000000000004							0.18781					
33.00000000000001							4.50834					4.83921
0.5999999999999979									0.22504			
1.1999999999999993									0.25614			
43.49999999999999									5.51269		5.82753	
43.99999999999999									5.75437			
44.199999999999996									5.83445			
44.300000000000004									5.9222			
44.4									5.98535			
-0.8000000000000007											0.24177	
-0.09999999999999787												0.26468
0.8000000000000043												0.28846
2.3000000000000043												0.27152
3.8000000000000043												0.28467
5.300000000000004												0.28932
6.800000000000004												0.28632
8.300000000000004												0.29284
9.800000000000004												0.27845
11.300000000000004												0.27016
12.800000000000004												0.28521
14.300000000000004												0.26492
15.800000000000004												0.26458
17.300000000000004												0.28203
18.800000000000004												0.28997
20.300000000000004												0.29231
21.800000000000004												0.28267
23.300000000000004												0.30495
24.800000000000004												0.30577
26.300000000000004												0.29512
27.800000000000004												0.29125
