	8perc/csv/8percA Specimen_RawData_1.csv	8perc/csv/8percA Specimen_RawData_2.csv	8perc/csv/8percA Specimen_RawData_3.csv	8perc/csv/8percA Specimen_RawData_4.csv	8perc/csv/8percA Specimen_RawData_5.csv	8perc/csv/8percA Specimen_RawData_6.csv	8perc/csv/8percB Specimen_RawData_1.csv	8perc/csv/8percB Specimen_RawData_2.csv	8perc/csv/8percB Specimen_RawData_3.csv	8perc/csv/8percB Specimen_RawData_4.csv	8perc/csv/8percB Specimen_RawData_5.csv	8perc/csv/8percB Specimen_RawData_6.csv
-0.8999999999999986	0.39421			0.42574								0.4704
-0.5999999999999979	0.40309			0.42584	0.43252		0.4409					0.43538
-0.3000000000000007	0.38678			0.41693								0.46497
0.0	0.40082			0.42758	0.42564		0.45284					0.47338
0.3000000000000007	0.38984			0.40957	0.42367		0.42774					0.47716
0.6000000000000014	0.38276	0.40887		0.4285	0.43717		0.44244		0.46436			0.46974
0.9000000000000021	0.40265	0.40642		0.41596	0.42615		0.46624		0.45081			0.47714
1.1999999999999993	0.39228	0.41844		0.4185					0.47045			0.47503
1.5000000000000036	0.40997			0.43042								0.46463
1.8000000000000007	0.39101	0.4229		0.41994					0.45545			0.45115
2.099999999999998	0.40835			0.42808								0.46762
2.400000000000002	0.40439	0.41405		0.43118					0.46052			0.45959
2.6999999999999993	0.40278	0.42544		0.42011					0.46499			0.48251
3.0000000000000036	0.38935	0.43005		0.43984					0.46927			0.48216
3.3000000000000007	0.39871	0.41133		0.42788					0.47214			0.47562
3.599999999999998	0.40884	0.43882		0.41951					0.44439			0.48246
3.900000000000002	0.39594	0.42876		0.42512					0.45557			0.45456
4.199999999999999	0.40586	0.42336		0.41706					0.44175			0.45684
4.5000000000000036	0.40084	0.425		0.42265					0.46633			0.48762
4.800000000000001	0.39542	0.43572		0.42819					0.468			0.47474
5.099999999999998	0.4141	0.41377		0.42444					0.4631			0.46972
5.400000000000002	0.39301	0.41435		0.42533					0.45994			0.4749
5.699999999999999	0.40459	0.41616		0.41856					0.46098			0.47006
6.0000000000000036	0.40349	0.41978		0.41726					0.47064			0.46722
6.300000000000001	0.40755	0.41867		0.42979					0.44571			0.46256
6.599999999999998	0.382	0.42935		0.43183					0.46856			0.46687
6.900000000000002	0.39858	0.44636		0.42594					0.45138			0.4635
7.199999999999999	0.38233	0.40855		0.41832					0.45501			0.47572
7.5000000000000036	0.41385	0.43188		0.42675					0.44637			0.46561
7.800000000000001	0.39867	0.40915		0.43363					0.46406			0.45439
8.099999999999998	0.40926	0.42571		0.42728					0.45998			0.47695
8.400000000000002	0.41058	0.40428		0.4313					0.44711			0.47829
8.7	0.40648	0.42081		0.43209					0.45173			0.46571
9.000000000000004	0.38422	0.41848		0.4212					0.46166			0.47425
9.3	0.39306	0.4396		0.44896					0.45576			0.47465
9.599999999999998	0.4017	0.41456		0.41624					0.44865			0.47529
9.900000000000002	0.38066	0.41288		0.41553					0.46477			0.48014
10.2	0.39934	0.44009		0.42588					0.45951			0.46684
10.500000000000004	0.39429	0.42944		0.43906					0.46042			0.4759
10.8	0.41019	0.43284		0.42202					0.47134			0.4883
11.099999999999998	0.40462	0.41857		0.43764					0.43322			0.46256
11.400000000000002	0.40464	0.43387		0.42024					0.46038			0.45971
11.7	0.40812	0.42701		0.42637					0.47796			0.46668
12.000000000000004	0.38336	0.42919		0.45639					0.45875			0.47245
12.3	0.4121	0.40347		0.42031					0.45378			0.4708
12.599999999999998	0.37935	0.42218		0.42519					0.45863			0.48381
12.900000000000002	0.39454	0.42307		0.43686					0.48248			0.47137
13.2	0.39476	0.42267		0.42333					0.45649			0.47054
13.500000000000004	0.40519	0.41601		0.43443					0.46188			0.47702
13.8	0.39651	0.41432		0.42019					0.47226			0.47959
14.099999999999998	0.40968	0.41263		0.42831					0.45941			0.45894
14.400000000000002	0.3905	0.42668		0.42034					0.46884			0.46913
14.7	0.40024	0.42893		0.42619					0.4618			0.46293
15.000000000000004	0.40619	0.41627		0.43524					0.47411			0.44693
15.3	0.39579	0.42184		0.42802					0.45369			0.48262
15.599999999999998	0.39992	0.44017		0.42279					0.46674			0.45832
15.900000000000002	0.39145	0.41572		0.43606					0.46821			0.46089
16.2	0.40124	0.42551		0.44655					0.45803			0.49312
16.500000000000004	0.40039	0.41214		0.43105					0.46372			0.4767
16.8	0.39367	0.42711		0.41693					0.47821			0.47523
17.099999999999998	0.41365	0.42407		0.42664					0.44401			0.46833
17.400000000000002	0.40866	0.42125		0.43748					0.47436			0.48523
17.7	0.39525	0.402		0.43728					0.44937			0.47801
18.000000000000004	0.42169	0.41594		0.43895					0.46987			0.47747
18.3	0.40892	0.42914		0.41625					0.47252			0.48002
18.599999999999998	0.39079	0.42005		0.42109					0.4704			0.45999
18.900000000000002	0.39772	0.41078		0.42889					0.463			0.48143
19.2	0.39705	0.41747		0.43156					0.46484			0.47228
19.500000000000004	0.40878	0.42817		0.42941					0.4523			0.46399
19.8	0.40244	0.4234		0.40759					0.4582			0.48013
20.099999999999998	0.41121	0.4262		0.42857					0.47403			0.47632
20.400000000000002	0.40295	0.40449		0.4286					0.47208			0.4611
20.7	0.3966	0.4405		0.4421					0.47071			0.46915
21.000000000000004	0.39992	0.41887		0.42445					0.45773			0.46346
21.3	0.41767	0.41126		0.4181					0.44603			0.47396
21.599999999999998	0.40216	0.44855		0.42626					0.44988			0.48213
21.900000000000002	0.39676	0.42632		0.4385					0.45666			0.48959
22.2	0.41505	0.43252		0.4336					0.45442			0.47536
22.500000000000004	0.38481	0.42648		0.41837					0.47267			0.46075
22.8	0.41376	0.41505		0.4196					0.45726			0.48072
23.099999999999998	0.42087	0.42416		0.42006					0.45992			0.49616
23.400000000000002	0.40774	0.42518		0.44237					0.47458			0.47872
23.7	0.40957	0.42576		0.42422					0.46663			0.47481
24.000000000000004	0.38401	0.41914		0.41759					0.47052			0.46519
24.3	0.38925	0.4207		0.4264					0.45296			0.48781
24.599999999999998	0.40619	0.42396		0.43987					0.47552			0.47159
24.900000000000002	0.41312	0.42582		0.41039					0.45793			0.48477
25.2	0.39517	0.43888		0.42117					0.46432			0.45722
25.500000000000004	0.38448	0.41518		0.43738					0.44774			0.48413
25.8	0.40202	0.42278		0.42435					0.4664			0.46876
26.099999999999998	0.40447	0.41759		0.443					0.46394			0.46976
26.400000000000002	0.40271	0.43246		0.43266					0.45645			0.4776
26.7	0.39873	0.43316		0.42857					0.45504			0.46918
27.000000000000004	0.38758	0.42036		0.43408					0.46022			0.47991
27.3	0.39429	0.41872		0.42632					0.45904			0.45915
27.599999999999998	0.40936	0.41872		0.42492					0.46553			0.48944
27.900000000000002	0.39647	0.41716		0.41837					0.47331			0.4824
28.2	0.41815	0.42003		0.41303					0.46794			0.47459
28.500000000000004	0.41267	0.42001		0.41175					0.47768			0.48671
28.8	0.41121	0.42684		0.43833999999999995		0.44854			0.47502			0.473395
28.900000000000002	0.40753			0.41161		0.44451						0.47053
29.000000000000004	0.39667			0.42763								0.47911
29.099999999999998	0.39857	0.42221		0.42744		0.43954			0.45976			0.47719
29.2	0.40932			0.43964		0.4286						0.47909
29.3	0.4056			0.4249		0.4441						0.46142
29.400000000000002	0.40627	0.42118		0.43266		0.46326			0.47231			0.46888
29.500000000000004	0.40166			0.42325								0.48265
29.599999999999998	0.41157			0.43202		0.44227						0.48063
29.7	0.52075	0.72516		0.45815		0.49769			0.86767			0.47313
29.8	0.68665			0.52898		0.66046						0.55423
29.900000000000002	0.94099			0.77612		0.8428						0.80983
30.000000000000004	1.28146	2.6215		1.11444					3.83461			1.1761
30.099999999999998	1.68045			1.5889		2.54996						1.58862
30.2	2.11939			2.15005		5.02058						1.99211
30.3	2.67744	9.011445		3.11361		6.96118			8.39304			2.42347
30.400000000000002	4.0795	7.9543		5.34855		7.79932			7.1507			4.05499
30.500000000000004	6.45206	8.06285		6.71828					7.24171			6.30116
30.599999999999998	7.71019	8.17521		7.56587		7.95006			7.23068			7.43456
30.7	8.30361	8.11335		7.95278		7.92313			7.16524			7.79928
30.8	8.55209	7.98885		8.02083		7.84249			7.05457			7.85133
30.900000000000002	8.39725	7.79586		8.03529		7.72289			7.02251			7.78442
31.000000000000004	8.37836	7.58974		8.00512					6.96933			7.6836
31.099999999999998	8.27903	7.52999		7.96509		7.48514			6.91926			7.58906
31.2	8.16374	7.45281		7.91039		7.42707			6.91163			7.50211
31.3	8.07228	7.35406		7.88084		7.37454			6.85961			7.40895
31.400000000000002	7.98949	7.26433		7.81739		7.29616			6.80048			7.32502
31.500000000000004	7.88083	7.31532		7.80378					6.69587			7.21395
31.599999999999998	7.78759	7.30735		7.76365		7.13315			6.0928			7.04663
31.7	7.67916	7.24022		7.70738		7.07703			4.37983			7.04219
31.8	7.59929	7.14967		7.67171		6.9909			5.14367			6.98145
31.900000000000002	7.52948	7.12108		7.64308		6.95751			5.67264			6.86175
32.0	7.45389	7.07971	6.8359	7.5712	6.81834		7.58625	6.9926	6.20146	6.64971	7.22498	6.57043
32.099999999999994	7.40349	7.04059		7.51264		6.87485			6.41553			6.26825
32.2	7.3387	6.93453	6.87802	7.46934	6.75278	6.81324	7.43703	6.85319	6.41612	6.76767		6.39369
32.3	7.29071	6.84352		7.37525		6.76183			6.52396	6.84058	7.00829	6.45519
32.400000000000006	7.16875	6.79329		7.34218		6.71909			6.4609			6.42476
32.5	7.09693	6.81929	6.80191	7.30953	6.61193	6.6466	7.20874	6.71683	6.33172	6.94726		6.43441
32.599999999999994	7.05666	6.7791		7.24008		6.58372			6.39439			6.38329
32.7	7.00611	6.58558		7.18478	6.52037	6.53503	7.03601		6.26874	7.02876		6.3743
32.8	6.9418	6.66374		7.05372		6.43613			6.36155	7.06657		6.31957
32.89999999999999	6.87285			6.84571								6.26292
33.0	6.86018	6.60893		6.0177	6.38697	6.29104	6.13114		6.22001	6.96784		6.29297
33.099999999999994	6.80625	6.53042		5.96349					6.3115	6.51573		6.17683
33.2	6.75114	6.48722		6.19843		5.84473			6.17184	6.44686		6.12399
33.3	6.74127	6.4648		6.2245		5.63678			6.11734	6.61421		6.14167
33.39999999999999	6.68025			6.29531								6.07353
33.5	6.64357	6.37792		6.29609		5.88139			6.0106	6.79347		6.07569
33.599999999999994	6.61927	6.40917		6.56957					6.28571	6.90689		6.22714
33.7	6.5649	6.58938		6.69743		6.07888			6.32471	6.95411		6.26542
33.8	6.52413	6.6291		6.77089		6.24034			6.18634	6.99687		6.18595
33.89999999999999	6.46095			6.88842								6.26327
34.0	6.33185	6.74387		6.9345		6.35008			6.26134	6.9845		6.28609
34.099999999999994	6.29538	6.7883		6.964					6.27047	6.96924		6.34261
34.2	6.35134	6.75953		7.01893		6.43764			6.20705	6.97717		6.34766
34.3	6.38098	6.86856		7.03497		6.44124			6.31753	6.94179		6.37422
34.39999999999999	6.44732	6.89898		7.06787					6.32561			6.39254
34.5	6.48471	6.91712		7.0814		6.51531			6.3224	6.99833		6.4263
34.599999999999994	6.5197	6.94445		7.07695					6.35197	7.00598		6.44771
34.7	6.53806	6.95178		7.09198		6.52698			6.3495	7.05463		6.47076
34.8	6.51835	6.99102		7.07397		6.57585			6.36497	7.06626		6.50836
34.89999999999999	6.58739	6.98507		7.07718					6.36362			6.52136
35.0	6.57251	6.99882		7.07059		6.61374			6.41766	7.13121		6.57777
35.099999999999994	6.60957	7.01183		7.0903					6.43385	7.14565		6.59504
35.2	6.61423	7.0511		7.08092		6.63589			6.44795	7.15451		6.61438
35.3	6.62694	7.06969		7.07077		6.66719			6.4561	7.18458		6.64049
35.39999999999999	6.69906	7.0941		7.09426					6.4947			6.68354
35.5	6.73145	7.14603		7.08511		6.67727			6.47932	7.21152		6.68531
35.599999999999994	6.78912	7.17893		7.08171					6.49273	7.21671		6.69999
35.7	6.79157	7.19411		7.08052		6.64984			6.53522	7.23153		6.71294
35.8	6.82942	7.23452		7.12031		6.68186			6.52886	7.23545		6.72689
35.89999999999999	6.85535	7.24967		7.1101					6.54063			6.72604
36.0	6.90223	7.27816		7.14143		6.71938			6.53732	7.2885		6.76143
36.099999999999994	6.92755	7.30419		7.16157					6.57109	7.30893		6.75503
36.2	6.94116	7.35969		7.16579		6.7502			6.62453	7.34979		6.78148
36.3	6.9611	7.37098		7.2045		6.79141			6.62355	7.39116		6.785
36.39999999999999	6.97476	7.39791		7.23441					6.65419			6.82351
36.5	6.9876	7.42269		7.23718		6.83978			6.71135	7.45104		6.83335
36.599999999999994	7.03936	7.42535		7.26108					6.74857	7.48511		6.8816
36.7	7.05243	7.45562		7.30611		6.90096			6.76567	7.51144		6.90776
36.8	7.10742	7.47513		7.37959		6.93476			6.78771	7.55175		6.9594
36.89999999999999	7.13602	7.50204		7.41463					6.812			7.00145
37.0	7.19854	7.54589		7.44299		7.01262			6.86233	7.61823		7.04824
37.099999999999994	7.24628	7.54538		7.50279					6.89012	7.63537		7.09565
37.2	7.32282	7.57475		7.55615		7.08592			6.94219	7.67425		7.15052
37.3	7.40628	7.57486		7.60647		7.18458			7.01887	7.73252		7.20317
37.39999999999999	7.45989	7.59568		7.66108					7.03451			7.27179
37.5	7.53919	7.59877		7.73005		7.32439			7.08731	7.79177		7.32957
37.599999999999994	7.56669	7.6574		7.76505					7.13088	7.85918		7.37481
37.7	7.67662	7.67731		7.83202		7.48536			7.14471	7.88259		7.4582
37.8	7.71587	7.6774		7.86175		7.54338			7.1757	7.95434		7.48654
37.89999999999999	7.7752	7.71726		7.90958					7.2459			7.55287
38.0	7.86394	7.77432		7.96828		7.67593			7.29903	8.06748		7.62782
38.099999999999994	7.92147	7.78035		7.9966					7.34828	8.13161		7.6717
38.2	8.00072	7.81722		8.05825		7.79164			7.39314	8.17264		7.73226
38.3	8.06472	7.85042		8.10726		7.86449			7.45161	8.22768		7.7798
38.39999999999999	8.12653	7.8906		8.16071					7.48231			7.81642
38.5	8.20223	7.91079		8.24156		7.99825			7.48206	8.31567		7.9194
38.599999999999994	8.26236	7.97073		8.29669					7.26198	8.39507		8.00834
38.7	8.30837	8.01028		8.36439		8.10001			7.51349	8.44983		8.07443
38.8	8.38163	8.06328		8.39097		8.15874			7.62696	8.50153		8.17018
38.89999999999999	8.45782	8.10818		8.45834					7.73215			8.21527
39.0	8.50752	8.14574		8.50496		8.23033			7.81542	8.61257		8.28617
39.099999999999994	8.54523	8.17972		8.56949					7.89729	8.66314		8.27551
39.2	8.61177	8.22253		8.65344		8.36265			7.97046	8.71801		8.35868
39.3	8.66938	8.27825		8.70134		8.4224			8.03601	8.754		8.40271
39.39999999999999	8.72916	8.34098		8.78171					8.10311			8.46597
39.5	8.78922	8.38908		8.80782		8.51707			8.17457	8.89847		8.52267
39.599999999999994	8.82786	8.43848		8.87759					8.23982	8.95048		8.56618
39.7	8.86417	8.50322		8.93842		8.62759			8.32572	9.0118		8.59231
39.8	8.93477	8.56668		9.01586		8.6601			8.39331	9.07552		8.64863
39.89999999999999	8.96381	8.62036		9.07415					8.44757			8.66352
40.0	8.98936	8.71111		9.1232		8.72151			8.52903	9.18517		8.65249
40.099999999999994	9.03403	8.75552		9.18808					8.57244	9.23155		8.64974
40.2	9.08024	8.80237		9.25313		8.78622			8.59844	9.27767		8.63968
40.3	9.0898	8.90096		9.27745		8.80684			8.63454	9.33244		8.63254
40.39999999999999	9.12257	8.94291		9.30496					8.66083			8.64677
40.5	9.15856	8.99124		9.3628		8.89008			8.68974	9.36318		8.6525
40.599999999999994	9.1995	9.05158		9.41127					8.70523	9.3944		8.63552
40.7	9.22439	9.11049		9.43505		8.93437			8.70648	9.37199		8.64753
40.8	9.23907	9.16048		9.47034		8.9595			8.70821	9.35053		8.64529
40.89999999999999	9.26771	9.21253		9.45419					8.70315			8.66171
41.0	9.26748	9.23659		9.45965		8.9746			8.6677	9.26102		8.6857
41.099999999999994	9.28048	9.26036		9.454					8.68065	9.18706		8.7042
41.2	9.31491	9.27961		9.4293		9.01849			8.63797	9.12987		8.77409
41.3	9.32994	9.25817		9.36764		9.02069			8.64528	9.10858		8.79859
41.39999999999999	9.32259	9.32985		9.32293					8.64578			8.8262
41.5	9.35662	9.34166		9.25995		9.04694			8.6286	9.00048		8.88314
41.599999999999994	9.33959	9.33252		9.1876					8.6138	8.97898		8.91971
41.7	9.35039	9.33627		9.13934		9.05975			8.58915	8.93416		8.96368
41.8	9.35018	9.29148		9.05739		9.04414			8.58035	8.88651		9.00264
41.89999999999999	9.35474	9.28855		9.03361					8.58124			9.07421
42.0	9.32897	9.25934		8.97508		9.03942			8.59407	8.82207		9.05485
42.099999999999994	9.35033	9.22659		8.95886					8.59545	8.83039		9.09115
42.2	9.33638	9.18152		8.86987		8.99174			8.62884	8.82851		9.11746
42.3	9.28539	9.15964		8.81862		8.99735			8.63556	8.83494		9.15421
42.39999999999999	9.28382	9.14576		8.78927					8.61449			9.23179
42.5	9.27934	9.12204		8.76517		8.97389			8.64198	8.84395		9.20627
42.599999999999994	9.27698	9.10926		8.75325					8.68247	8.88481		9.25347
42.7	9.24643	9.12443		8.70967		8.96101			8.71747	8.92148		9.28611
42.8	9.22219	9.11636		8.69104		8.98376			8.71245	8.96223		9.32889
42.89999999999999	9.20987	9.11937		8.69449					8.78204			9.34986
43.0	9.18966	9.12308		8.69256		9.01329			8.80767	9.06629		9.38424
43.099999999999994	9.18469	9.11442		8.70919					8.82334	9.15097		9.43135
43.2	9.18556	9.11073		8.74548		9.11345			8.8679	9.19852		9.48031
43.3	9.18158	9.12712		8.79072		9.15923			8.85942	9.29418		9.4754
43.39999999999999	9.17871	9.15385		8.82462					8.90542			9.52147
43.5	9.20066	9.18542		8.8799		9.27746			8.94803	9.4267		9.51253
43.599999999999994	9.21349	9.19718		8.94667					8.98427	9.51415		9.5661
43.7	9.27637	9.20828		9.00121		9.40938			8.93474	9.57736		9.57206
43.8	9.30802	9.22964		9.07529					8.9607	9.6535		9.5957
1.5		0.41762			0.42918		0.45626		0.4619			
2.1000000000000014		0.42509			0.43947		0.46502		0.46522			
32.900000000000006		6.65601				6.37135			6.15085			
33.400000000000006		6.4074				5.75082			6.31419	6.72383		
33.900000000000006		6.69816				6.3088			6.28273	6.99256		
43.89999999999999		9.27927							8.98464			
44.0		9.32538							8.98729	9.76023		
44.099999999999994		9.36516							9.0309			
44.2		9.40019							9.05257			
44.3		9.41558							9.08239			
44.39999999999999		9.49055							9.11763			
44.5		9.51375							9.14276			
44.599999999999994		9.57306							9.19715			
44.7		9.63966							9.24661			
44.8		9.67972							9.2764			
44.89999999999999		9.74868							9.32175			
45.0		9.81893							9.36771			
45.099999999999994		9.86432							9.43874			
45.2		9.91364							9.47674			
45.3		9.97577							9.51657			
-1.0999999999999979			0.42922					0.44355				
-0.7999999999999972			0.43189					0.43897				
-0.5			0.42209					0.45057				
-0.1999999999999993			0.42452					0.45542				
0.10000000000000142			0.43469					0.44452				
0.40000000000000213			0.41307					0.4596				
0.7000000000000028			0.43976					0.43126				
1.0			0.41824					0.44986				
1.3000000000000043			0.42058					0.46552				
1.6000000000000014			0.41859					0.4405				
1.8999999999999986			0.4154					0.45734				
2.200000000000003			0.40544					0.46037				
2.5			0.42328					0.46417				
2.8000000000000043			0.42556					0.45128				
3.1000000000000014			0.43136					0.45044				
3.3999999999999986			0.41482					0.45746				
3.700000000000003			0.41738					0.45407				
4.0			0.43228					0.4662				
4.300000000000004			0.41911					0.44756				
4.600000000000001			0.42638					0.45548				
4.899999999999999			0.42781					0.44593				
5.200000000000003			0.42543					0.45566				
5.5			0.43482					0.44813				
5.800000000000004			0.42447					0.45208				
6.100000000000001			0.40134					0.44387				
6.399999999999999			0.41101					0.43583				
6.700000000000003			0.41958					0.45253				
7.0			0.42315					0.44028				
7.300000000000004			0.42243					0.46676				
7.600000000000001			0.40826					0.45816				
7.899999999999999			0.419					0.43826				
8.200000000000003			0.42951					0.45393				
8.5			0.43261					0.45125				
8.800000000000004			0.42572					0.46395				
9.100000000000001			0.41291					0.45892				
9.399999999999999			0.43802					0.45141				
9.700000000000003			0.42127					0.45328				
10.0			0.43057					0.44021				
10.300000000000004			0.43222					0.4756				
10.600000000000001			0.41312					0.46577				
10.899999999999999			0.42104					0.45386				
11.200000000000003			0.4222					0.45481				
11.5			0.42237					0.45943				
11.800000000000004			0.41509					0.44564				
12.100000000000001			0.41634					0.45687				
12.399999999999999			0.42546					0.44376				
12.700000000000003			0.42461					0.47149				
13.0			0.44698					0.43815				
13.300000000000004			0.43182					0.45956				
13.600000000000001			0.43153					0.44581				
13.899999999999999			0.42971					0.45355				
14.200000000000003			0.43315					0.4581				
14.5			0.42746					0.43962				
14.800000000000004			0.42516					0.45401				
15.100000000000001			0.42346					0.45152				
15.399999999999999			0.43025					0.44963				
15.700000000000003			0.42845					0.4569				
16.0			0.42455					0.44464				
16.300000000000004			0.42907					0.46095				
16.6			0.43579					0.45057				
16.9			0.4343					0.44548				
17.200000000000003			0.42044					0.45711				
17.5			0.41524					0.45569				
17.800000000000004			0.43992					0.45657				
18.1			0.42699					0.4666				
18.4			0.43135					0.45363				
18.700000000000003			0.44034					0.45113				
19.0			0.43124					0.44005				
19.300000000000004			0.42227					0.46038				
19.6			0.42787					0.473				
19.9			0.42778					0.46111				
20.200000000000003			0.40489					0.46357				
20.5			0.4172					0.45857				
20.800000000000004			0.42363					0.43553				
21.1			0.43997					0.46676				
21.4			0.42401					0.44592				
21.700000000000003			0.42796					0.44132				
22.0			0.43319					0.46442				
22.300000000000004			0.43358					0.45645				
22.6			0.44331					0.44716				
22.9			0.44258					0.47316				
23.200000000000003			0.42259					0.44676				
23.5			0.42995					0.47414				
23.800000000000004			0.42855					0.45984				
24.1			0.42294					0.4677				
24.4			0.44597					0.45403				
24.700000000000003			0.41395					0.4517				
25.0			0.43548					0.44805				
25.300000000000004			0.43462					0.46401				
25.6			0.42814					0.45066				
25.9			0.43186					0.46935				
26.200000000000003			0.4284					0.43997				
26.5			0.43101					0.45442				
26.800000000000004			0.42865					0.46353				
27.1			0.43951					0.44167				
27.4			0.42981					0.45139				
27.700000000000003			0.43139					0.47045				
28.0			0.42491					0.46406				
28.300000000000004			0.442					0.45391				
28.6			0.43183					0.45406			0.46555	
28.700000000000003			0.43836					0.4803		0.45241		
28.800000000000004			0.43958		0.44224		0.44305	0.45602				
28.9			0.42807					0.46055			0.47987	
29.0			0.43904					0.44408		0.48516499999999996	0.4631	
29.1			0.4357		0.45443		0.44595	0.45241		0.46949	0.48863	
29.200000000000003			0.42343		0.42414		0.4485	0.45663		0.47589		
29.300000000000004			0.43386		0.44402		0.46017	0.47096				
29.4			0.43139		0.43385		0.44627	0.46608		0.47972	0.46502	
29.5			0.42004		0.4396		0.45842	0.45474		0.45989	0.46704	
29.6			0.42776		0.4422		0.45434	0.45343		0.50896	0.47343	
29.700000000000003			0.41088		0.43456		0.4371	0.4614		0.60022		
29.800000000000004			0.483		0.46353		0.59537	0.68225				
29.9			0.77829		0.45781		0.85644	0.86592		0.95931	0.69387	
30.0			1.23194		1.0158		1.1573	1.0697		1.22605	1.05236	
30.1			1.73567		3.53671		1.52102	2.02799		1.5685	1.41422	
30.200000000000003			2.99373		5.64957		1.87457	3.9506		2.26965		
30.300000000000004			5.71552		6.94567		2.21096	5.05292				
30.4			7.11044		7.58284		2.56939	6.07705		5.49296	5.98804	
30.5			7.73939		7.7061		2.95717	7.06875		6.91289	6.94496	
30.6			7.98554		7.512		3.43819	7.85862		7.93274	7.4106	
30.700000000000003			8.00186		7.49214		5.29848	8.22243		8.45151		
30.800000000000004			7.93226		7.35485		7.11675	8.33921				
30.9			7.90544		7.27346		8.21902	8.24572		8.34843	8.37281	
31.0			7.84837		7.18445		8.74761	8.06266		8.10564	8.11167	
31.1			7.79066		7.16159		8.74128	7.8352		7.9408	7.90138	
31.200000000000003			7.74617		7.13329		8.59695	7.7196		7.81695		
31.300000000000004			7.67256		7.06872		8.40789	7.59236				
31.4			7.63175		7.02657		8.25072	7.49467		7.48422	7.55795	
31.5			7.52656		6.98839		8.10104	7.36349		6.89269	7.47534	
31.6			7.39174		6.94834		7.98094	7.2902		6.30982	7.42204	
31.700000000000003			6.96209		6.93514		7.85966	7.21351		6.29193		
31.800000000000004			6.6373		6.87646		7.75825	7.08948				
31.9			6.82612		6.84453		7.67219	7.01605		6.51031	7.26779	
32.1			6.84972		6.77931		7.48267	6.94936		6.79468	7.16633	
32.300000000000004			6.87133		6.68532		7.35601	6.81747				
32.4			6.81776		6.64277		7.27651	6.749		6.87305	6.94137	
32.6			6.74688		6.58494		7.14307	6.66249		6.99303	6.70868	
32.699999999999996			6.65379					6.47552			6.14845	
32.800000000000004			6.61413		6.48989		6.94321	6.39077			6.02787	
32.9			6.5833		6.43533		6.54001	6.19732		7.02899	6.06177	
33.00000000000001			6.61716					6.18602				
33.1			6.63918		6.34665		6.12153	6.21745			6.29004	
33.199999999999996			6.67361		6.26477		6.2711	6.14061			6.39003	
33.300000000000004			6.73586		6.192		6.28136	6.18266			6.57581	
33.4			6.83703		6.12843		6.34391	6.24991			6.65765	
33.50000000000001			6.88028		6.0652		6.35399	6.19841				
33.6			6.86442		6.03832		6.38181	6.27052			6.71654	
33.699999999999996			6.82021		6.0527		6.43493	6.32198			6.73797	
33.800000000000004			6.71644		6.05932		6.54556	6.36428			6.73522	
33.9			6.78085		6.05399		6.61862	6.42717			6.67932	
34.00000000000001			6.75762		6.07694		6.72162	6.44477				
34.1			6.8054		6.11476		6.80769	6.46222			6.66216	
34.199999999999996			6.82621		6.15871		6.89417	6.45746			6.62784	
34.300000000000004			6.83966		6.17641		6.93568	6.44473			6.66599	
34.4			6.84316		6.26543		6.99399	6.441			6.67673	
34.50000000000001			6.85106		6.28154		7.04388	6.45572				
34.6			6.84449		6.2998		7.10241	6.47018			6.6804	
34.699999999999996			6.86492		6.32076		7.16134	6.46194			6.71167	
34.800000000000004			6.87283		6.33182		7.2118	6.45685			6.68818	
34.9			6.88793		6.34524		7.26331	6.48011			6.72107	
35.00000000000001			6.8971		6.39413		7.29291	6.48474				
35.1			6.94051		6.43266		7.35528	6.50947			6.74766	
35.199999999999996			6.969		6.43468		7.38098	6.53119			6.76626	
35.300000000000004			6.95725		6.44095		7.38576	6.54887			6.78413	
35.4			6.96874		6.46817		7.41509	6.59272			6.80611	
35.50000000000001			6.94859		6.48951		7.44054	6.5906				
35.6			6.98889		6.51861		7.45715	6.62461			6.89521	
35.699999999999996			7.02952		6.56364		7.48447	6.65553			6.92019	
35.800000000000004			7.06319		6.58092		7.49855	6.70576			6.96632	
35.9			7.11682		6.6119		7.4919	6.74917			6.97761	
36.00000000000001			7.13732		6.61308		7.49936	6.80022				
36.1			7.18842		6.63741		7.52157	6.83258			7.07083	
36.199999999999996			7.2096		6.66049		7.5023	6.88626			7.15159	
36.300000000000004			7.20808		6.69017		7.53151	6.9359			7.20382	
36.4			7.26548		6.73535		7.54584	6.98123			7.27236	
36.50000000000001			7.29116		6.73128		7.57675	7.05232				
36.6			7.30097		6.75048		7.59322	7.10078			7.35056	
36.699999999999996			7.35455		6.76565		7.59625	7.15035			7.41514	
36.800000000000004			7.39341		6.79881		7.60923	7.19494			7.47783	
36.9			7.39954		6.79466		7.62787	7.25609			7.54055	
37.00000000000001			7.4607		6.82022		7.675	7.2925				
37.1			7.49755		6.83321		7.69595	7.34452			7.65327	
37.199999999999996			7.54236		6.83509		7.71521	7.42659			7.69108	
37.300000000000004			7.57504		6.87517		7.74801	7.48395			7.7421	
37.4			7.63763		6.92181		7.78544	7.5424			7.7622	
37.50000000000001			7.66046		6.94795		7.79396	7.62851				
37.6			7.70745		6.95992		7.82921	7.70045			7.88041	
37.699999999999996			7.74147		6.87415		7.87738	7.8054			7.93402	
37.800000000000004			7.79224		6.93922		7.92674	7.87771			7.9805	
37.9			7.80149		7.03593		7.93911	7.91808			8.02938	
38.00000000000001			7.8344		7.11009		7.98936	8.00718				
38.1			7.85605		7.1512		8.05496	8.07314			8.11984	
38.199999999999996			7.91023		7.21999		8.10836	8.10635			8.12257	
38.300000000000004			7.95153		7.2737		8.16494	8.17692			8.17316	
38.4			7.75411		7.35307		8.25106	8.24711			8.24161	
38.50000000000001			7.97455		7.41598		8.34458	8.3124				
38.6			8.05428		7.48245		8.41051	8.39718			8.3405	
38.699999999999996			8.13191		7.52797		8.46476	8.42772			8.39187	
38.800000000000004			8.20669		7.61323		8.54531	8.49195			8.4536	
38.9			8.27108		7.67021		8.61076	8.5575			8.53641	
39.00000000000001			8.36687		7.72697		8.70801	8.61577				
39.1			8.45351		7.78881		8.76627	8.64976			8.65227	
39.199999999999996			8.51534		7.84308		8.84064	8.68682			8.74716	
39.300000000000004			8.60605		7.91014		8.91974	8.7052			8.78173	
39.4			8.65631		7.98141		8.98043	8.71352			8.85722	
39.50000000000001			8.70698		8.03574		9.03325	8.73016				
39.6			8.80135		8.11401		9.08053	8.75078			8.94121	
39.699999999999996			8.86695		8.12124		9.13727	8.7518			8.97244	
39.800000000000004			8.91362		8.21179		9.16528	8.77329			8.98162	
39.9			8.95463		8.28475		9.16942	8.77196			8.99498	
40.00000000000001			9.00835		8.34252		9.22046	8.77971				
40.1			9.03725		8.39985		9.21291	8.79544			8.9404	
40.199999999999996			9.09211		8.48335		9.26382	8.81911			8.91226	
40.300000000000004			9.12802		8.53289		9.25062	8.80929			8.89446	
40.4			9.17105		8.58282		9.23503	8.82421			8.8601	
40.50000000000001			9.17773		8.64988		9.17279	8.82943				
40.6			9.19474		8.68011		9.13578	8.82242			8.75492	
40.699999999999996			9.22399		8.73617		9.06879	8.8167			8.72655	
40.800000000000004			9.20164		8.76287		8.99844	8.81113			8.6678	
40.9			9.21779		8.8209		8.97556	8.78125			8.64138	
41.00000000000001			9.23021		8.8413		8.94054	8.78645				
41.1			9.24653		8.87188		8.85202	8.75972			8.57064	
41.199999999999996			9.21561		8.92396		8.80796	8.71913			8.53258	
41.300000000000004			9.21432		8.96747		8.75815	8.68722			8.51045	
41.4			9.21886		9.01173		8.68827	8.65579			8.4866	
41.50000000000001			9.21326		9.04955		8.65348	8.60993				
41.6			9.2285		9.09005		8.60035	8.58094			8.48596	
41.699999999999996			9.23607		9.0821		8.57112	8.58352			8.46039	
41.800000000000004			9.23745		9.0971		8.54943	8.55069			8.44805	
41.9			9.2205		9.07943		8.5438	8.56181			8.43489	
42.00000000000001			9.21827		9.05956		8.55932	8.53974				
42.1			9.22635		9.03216		8.52618	8.56111			8.47762	
42.199999999999996			9.25271		9.02429		8.53419	8.59541			8.50631	
42.300000000000004			9.27632		8.98501		8.55731	8.6111			8.55615	
42.4			9.2811		9.00232		8.60519	8.64926			8.60746	
42.50000000000001			9.28996		8.94385		8.58927	8.71838				
42.6			9.30799		8.93426		8.6606	8.73857			8.73016	
42.699999999999996			9.32244		8.92841		8.71514	8.76844			8.82297	
42.800000000000004			9.30916		8.94657		8.75919	8.82849			8.89314	
42.9			9.31157		8.94188		8.84602	8.86757			8.97112	
43.00000000000001			9.31588		8.95759		8.91185	8.94174				
43.1			9.33205		8.93627		8.97488	9.00034			9.1323	
43.199999999999996			9.37444		8.94879		9.04681	9.07825			9.24608	
43.300000000000004			9.36294		8.97404		9.14032	9.17449			9.33652	
43.4			9.37688		8.99778		9.21461	9.27788			9.401	
43.50000000000001			9.40572		9.01175		9.30994	9.37487				
43.6			9.42374		9.04108		9.38764	9.44845				
-0.29999999999999716					0.41148		0.44077					
1.2000000000000028					0.42944		0.44047					
1.8000000000000043					0.42102		0.44935					
2.3999999999999986					0.43576		0.4448					
2.700000000000003					0.42967		0.43343					
3.0					0.43919		0.44562					
3.3000000000000043					0.43214		0.45647					
3.6000000000000014					0.43562		0.45472					
3.8999999999999986					0.43328		0.46604					
4.200000000000003					0.43353		0.44301					
4.5					0.43982		0.44398					
4.800000000000004					0.44274		0.42692					
5.100000000000001					0.42613		0.44682					
5.399999999999999					0.42548		0.44076					
5.700000000000003					0.44196		0.44195					
6.0					0.42803		0.42512					
6.300000000000004					0.43191		0.4418					
6.600000000000001					0.42164		0.44552					
6.899999999999999					0.42835		0.44548					
7.200000000000003					0.43418		0.44164					
7.5					0.44495		0.44015					
7.800000000000004					0.43074		0.44494					
8.100000000000001					0.43681		0.43153					
8.399999999999999					0.42627		0.44437					
8.700000000000003					0.43372		0.45631					
9.0					0.43192		0.46289					
9.300000000000004					0.43956		0.44932					
9.600000000000001					0.43532		0.44278					
9.899999999999999					0.43878		0.42397					
10.200000000000003					0.43004		0.46385					
10.5					0.42742		0.4503					
10.800000000000004					0.44558		0.43423					
11.100000000000001					0.4355		0.44969					
11.399999999999999					0.42998		0.43046					
11.700000000000003					0.4413		0.46683					
12.0					0.43876		0.44044					
12.300000000000004					0.4368		0.45546					
12.600000000000001					0.42278		0.44301					
12.899999999999999					0.43369		0.45858					
13.200000000000003					0.45727		0.46042					
13.5					0.43855		0.43795					
13.800000000000004					0.44036		0.43822					
14.100000000000001					0.45028		0.44247					
14.399999999999999					0.4493		0.43749					
14.700000000000003					0.43951		0.44432					
15.0					0.43606		0.44536					
15.300000000000004					0.43311		0.46666					
15.600000000000001					0.42661		0.43465					
15.899999999999999					0.42919		0.43933					
16.200000000000003					0.43355		0.45787					
16.5					0.42214		0.45063					
16.800000000000004					0.42111		0.45007					
17.1					0.43918		0.45029					
17.4					0.41872		0.43398					
17.700000000000003					0.45351		0.4516					
18.0					0.42886		0.44614					
18.300000000000004					0.43068		0.45298					
18.6					0.43679		0.44272					
18.9					0.41774		0.45329					
19.200000000000003					0.43854		0.45739					
19.5					0.44537		0.45205					
19.800000000000004					0.4411		0.44467					
20.1					0.42059		0.44588					
20.4					0.43312		0.45932					
20.700000000000003					0.43007		0.4522					
21.0					0.45006		0.44202					
21.300000000000004					0.43562		0.44967					
21.6					0.42175		0.45764					
21.9					0.44062		0.44633					
22.200000000000003					0.44653		0.46426					
22.5					0.4393		0.44874					
22.800000000000004					0.45234		0.45083					
23.1					0.43112		0.45679					
23.4					0.45147		0.44147					
23.700000000000003					0.43604		0.44477					
24.0					0.42889		0.45415					
24.300000000000004					0.43637		0.43589					
24.6					0.43952		0.44778					
24.9					0.44915		0.44224					
25.200000000000003					0.43438		0.44433					
25.5					0.43421		0.44812					
25.800000000000004					0.4499		0.45176					
26.1					0.44515		0.45142					
26.4					0.44202		0.46435					
26.700000000000003					0.44527		0.4605					
27.0					0.4492		0.4469					
27.300000000000004					0.44041		0.45796					
27.6					0.46333		0.45417					
27.9					0.46211		0.44335					
28.200000000000003					0.43715		0.44813					
28.5					0.44676		0.44509				0.46976	
43.699999999999996					9.07489		9.46674					
43.800000000000004					9.08344		9.55018					
43.9					9.11864		9.60972					
44.00000000000001					9.17348		9.68249					
44.1					9.20526		9.74951					
-1.0						0.41452					0.46866	
-0.6999999999999993						0.4235				0.48336		
-0.40000000000000213						0.44682					0.47867	
-0.10000000000000142						0.42374				0.46423	0.47497	
0.1999999999999993						0.41771				0.47367	0.44995	
0.5						0.43198				0.47925	0.4877	
0.8000000000000007						0.42743				0.45001		
1.0999999999999979						0.42568						
1.4000000000000021						0.42814						
1.6999999999999993						0.43748						
1.9999999999999964						0.42954						
2.3000000000000007						0.41509						
2.599999999999998						0.43654						
2.900000000000002						0.43513						
3.1999999999999993						0.42054						
3.4999999999999964						0.42217						
3.8000000000000007						0.42436						
4.099999999999998						0.43135						
4.400000000000002						0.41326						
4.699999999999999						0.42026						
4.9999999999999964						0.42741						
5.300000000000001						0.44798						
5.599999999999998						0.41978						
5.900000000000002						0.44156						
6.199999999999999						0.41252						
6.4999999999999964						0.44554						
6.800000000000001						0.43441						
7.099999999999998						0.44737						
7.400000000000002						0.43605						
7.699999999999999						0.44593						
7.9999999999999964						0.43699						
8.3						0.44199						
8.599999999999998						0.4337						
8.900000000000002						0.44759						
9.2						0.44105						
9.499999999999996						0.42186						
9.8						0.43082						
10.099999999999998						0.43765						
10.400000000000002						0.44292						
10.7						0.41377						
10.999999999999996						0.43946						
11.3						0.42339						
11.599999999999998						0.43267						
11.900000000000002						0.42553						
12.2						0.43719						
12.499999999999996						0.42778						
12.8						0.42936						
13.099999999999998						0.45246						
13.400000000000002						0.44418						
13.7						0.4495						
13.999999999999996						0.4402						
14.3						0.44149						
14.599999999999998						0.43595						
14.900000000000002						0.4411						
15.2						0.44351						
15.499999999999996						0.43474						
15.8						0.43143						
16.099999999999998						0.41467						
16.400000000000002						0.43714						
16.7						0.43795						
16.999999999999996						0.43151						
17.3						0.42472						
17.599999999999998						0.42477						
17.900000000000002						0.42891						
18.2						0.44614						
18.499999999999996						0.4546						
18.8						0.43401						
19.099999999999998						0.43414						
19.400000000000002						0.45025						
19.7						0.43284						
19.999999999999996						0.43064						
20.3						0.42662						
20.599999999999998						0.43299						
20.900000000000002						0.44131						
21.2						0.42755						
21.499999999999996						0.44741						
21.8						0.43322						
22.099999999999998						0.44762						
22.400000000000002						0.43756						
22.7						0.43624						
22.999999999999996						0.43973						
23.3						0.4313						
23.599999999999998						0.44414						
23.900000000000002						0.43336						
24.2						0.43218						
24.499999999999996						0.43678						
24.8						0.43453						
25.099999999999998						0.43985						
25.400000000000002						0.42063						
25.7						0.43473						
25.999999999999996						0.42578						
26.3						0.44361						
26.599999999999998						0.43859						
26.900000000000002						0.42546						
27.2						0.41951						
27.499999999999996						0.43593						
27.8						0.4321						
28.099999999999998						0.4399						
28.400000000000002						0.45315						
28.7						0.437995						
28.999999999999996						0.44332						
29.499999999999996						0.43579						
29.999999999999996						1.28391						
30.499999999999996						7.97597						
30.999999999999996						7.59772						
31.499999999999996						7.20747						
31.999999999999996						6.91825						
33.10000000000001						6.19344						
33.60000000000001						6.01601						
34.10000000000001						6.39765						
34.400000000000006						6.4663				7.00092		
34.60000000000001						6.52651						
34.900000000000006						6.58732				7.11172		
35.10000000000001						6.62054						
35.400000000000006						6.66532				7.16909		
35.60000000000001						6.67906						
35.900000000000006						6.70738				7.27939		
36.10000000000001						6.71893						
36.400000000000006						6.79528				7.41856		
36.60000000000001						6.85848						
36.900000000000006						6.93809				7.57075		
37.10000000000001						7.06445						
37.400000000000006						7.26811				7.76053		
37.60000000000001						7.38933						
37.900000000000006						7.63862				8.00748		
38.10000000000001						7.75005						
38.400000000000006						7.92625				8.3062		
38.60000000000001						8.04146						
38.900000000000006						8.19579				8.52594		
39.10000000000001						8.31482						
39.400000000000006						8.45483				8.82467		
39.60000000000001						8.55274						
39.900000000000006						8.6986				9.10297		
40.10000000000001						8.75184						
40.400000000000006						8.85224				9.3448		
40.60000000000001						8.9092						
40.900000000000006						8.96624				9.3064		
41.10000000000001						8.98						
41.400000000000006						9.06037				9.05638		
41.60000000000001						9.06132						
41.900000000000006						9.01451				8.88375		
42.10000000000001						9.00458						
42.400000000000006						8.98386				8.84682		
42.60000000000001						8.99237						
42.900000000000006						9.01259				9.03939		
43.10000000000001						9.04901						
43.400000000000006						9.20379				9.36105		
43.60000000000001						9.32716						
-0.3999999999999986										0.48029		
1.1000000000000014										0.47465	0.47657	
1.3999999999999986										0.47897	0.45533	
1.7000000000000028										0.46826		
2.0										0.45973	0.46477	
2.299999999999997										0.45678	0.46052	
2.6000000000000014										0.47076	0.48117	
2.8999999999999986										0.47784	0.45264	
3.200000000000003										0.47694		
3.5										0.48166	0.45757	
3.799999999999997										0.46608	0.47735	
4.100000000000001										0.48464	0.46124	
4.399999999999999										0.46419	0.45922	
4.700000000000003										0.45872		
5.0										0.46268	0.45288	
5.299999999999997										0.46795	0.47041	
5.600000000000001										0.46526	0.45745	
5.899999999999999										0.4578	0.46948	
6.200000000000003										0.4776		
6.5										0.47889	0.46617	
6.799999999999997										0.47888	0.48027	
7.100000000000001										0.45973	0.47086	
7.399999999999999										0.47241	0.46629	
7.700000000000003										0.47313		
8.0										0.47665	0.47061	
8.299999999999997										0.4644	0.45527	
8.600000000000001										0.47161	0.4668	
8.899999999999999										0.4548	0.47711	
9.200000000000003										0.47246		
9.5										0.48327	0.48481	
9.799999999999997										0.47363	0.45633	
10.100000000000001										0.47217	0.46027	
10.399999999999999										0.47594	0.4717	
10.700000000000003										0.48676		
11.0										0.46682	0.46593	
11.299999999999997										0.48074	0.47089	
11.600000000000001										0.46709	0.45463	
11.899999999999999										0.46415	0.46035	
12.200000000000003										0.47152		
12.5										0.46762	0.47248	
12.799999999999997										0.46746	0.48719	
13.100000000000001										0.46889	0.48148	
13.399999999999999										0.47488	0.48169	
13.700000000000003										0.48207		
14.0										0.48005	0.46591	
14.299999999999997										0.4614	0.48001	
14.600000000000001										0.47853	0.47389	
14.899999999999999										0.47679	0.47375	
15.200000000000003										0.47558		
15.5										0.46951	0.47127	
15.799999999999997										0.47372	0.47581	
16.1										0.46009	0.46348	
16.4										0.47622	0.47068	
16.700000000000003										0.4608		
17.0										0.48169	0.48405	
17.299999999999997										0.45542	0.47291	
17.6										0.46799	0.47022	
17.9										0.48549	0.47246	
18.200000000000003										0.48092		
18.5										0.47705	0.46346	
18.799999999999997										0.49083	0.48503	
19.1										0.48399	0.46778	
19.4										0.49582	0.4756	
19.700000000000003										0.45623		
20.0										0.48588	0.45759	
20.299999999999997										0.47822	0.48925	
20.6										0.46796	0.47005	
20.9										0.47624	0.4791	
21.200000000000003										0.46333		
21.5										0.4454	0.45952	
21.799999999999997										0.4876	0.46735	
22.1										0.47613	0.46949	
22.4										0.46971	0.46589	
22.700000000000003										0.46705		
23.0										0.47905	0.48987	
23.299999999999997										0.48436	0.46884	
23.6										0.46208	0.48063	
23.9										0.47848	0.46571	
24.200000000000003										0.45776		
24.5										0.47941	0.45537	
24.799999999999997										0.46764	0.47852	
25.1										0.4782	0.48113	
25.4										0.47498	0.48411	
25.700000000000003										0.48089		
26.0										0.46819	0.45905	
26.299999999999997										0.47208	0.4694	
26.6										0.48283	0.47506	
26.9										0.4615	0.47917	
27.200000000000003										0.47828		
27.5										0.48567	0.47189	
27.799999999999997										0.46818	0.46778	
28.1										0.48136	0.45263	
28.4										0.48825	0.475975	
29.299999999999997										0.46557	0.47982	
29.799999999999997										0.77859	0.47962	
30.299999999999997										3.45495	4.10993	
30.799999999999997										8.56074	8.2437	
31.299999999999997										7.66223	7.63593	
31.799999999999997										6.38292	7.34787	
43.900000000000006										9.7057		
-1.3000000000000007											0.45091	
-0.7000000000000028											0.45809	
0.7999999999999972											0.46314	
1.6999999999999957											0.46875	
3.1999999999999957											0.46602	
4.699999999999996											0.47783	
6.199999999999996											0.47126	
7.699999999999996											0.46082	
9.199999999999996											0.451	
10.699999999999996											0.46706	
12.199999999999996											0.46174	
13.699999999999996											0.47413	
15.199999999999996											0.46791	
16.699999999999996											0.46775	
18.199999999999996											0.47605	
19.699999999999996											0.47619	
21.199999999999996											0.47639	
22.699999999999996											0.47559	
24.199999999999996											0.46628	
25.699999999999996											0.46605	
27.199999999999996											0.47154	
28.699999999999996											0.48455	
28.799999999999997											0.46579	
29.199999999999996											0.46266	
29.699999999999996											0.48566	
30.199999999999996											1.96786	
30.699999999999996											7.85871	
31.199999999999996											7.75942	
31.699999999999996											7.36427	
32.199999999999996											7.09729	
32.49999999999999											6.88397	
32.99999999999999											6.16482	
33.49999999999999											6.71202	
33.99999999999999											6.66123	
34.49999999999999											6.69231	
34.99999999999999											6.73393	
35.49999999999999											6.84722	
35.99999999999999											7.0423	
36.49999999999999											7.31187	
36.99999999999999											7.57284	
37.49999999999999											7.83281	
37.99999999999999											8.04001	
38.49999999999999											8.26607	
38.99999999999999											8.59336	
39.49999999999999											8.91295	
39.99999999999999											8.95531	
40.49999999999999											8.82363	
40.99999999999999											8.60256	
41.49999999999999											8.50961	
41.99999999999999											8.46721	
42.49999999999999											8.65198	
42.99999999999999											9.06607	
